headers = ['Signal', 'Data', 'TTBar', 'ZJets', 'WJets', 'sTop', 'VV', 'TTV']
L_t_LQuujj300 = [[18658.417258600275, 6348] , [0, 0] ,  [0.12111563933194565, 1] ,  [0.6708348382644629, 60] ,  [0.0, 0] ,  [0.0, 0] ,  [0.20434783038366178, 17] ,  [0.04028131120764015, 48]  ]
L_t_LQuujj400 = [[5448.551990884327, 8786] , [0, 0] ,  [0.0, 0] ,  [0.7187864758540852, 50] ,  [0.0, 0] ,  [0.3749014751559119, 2] ,  [-0.011803989564163056, 3] ,  [0.011349082591328604, 17]  ]
L_t_LQuujj500 = [[3368.4527906043304, 19990] , [2, 2] ,  [0.5808572137612106, 3] ,  [0.6787172432296659, 84] ,  [0.0, 0] ,  [0.39476266991936093, 2] ,  [0.04690451963707953, 8] ,  [0.02463351885960116, 30]  ]
L_t_LQuujj600 = [[1363.3830559873945, 23902] , [0, 0] ,  [0.0, 0] ,  [0.22260526128939767, 50] ,  [0.0, 0] ,  [0.0, 0] ,  [0.041963633619810946, 5] ,  [0.017566135753515923, 16]  ]
L_t_LQuujj700 = [[697.2801353219137, 31890] , [0, 0] ,  [0.0, 0] ,  [0.2763185901335129, 67] ,  [0.0, 0] ,  [0.0, 0] ,  [-0.015616025202408772, 12] ,  [0.019857464673744035, 26]  ]
L_t_LQuujj800 = [[327.9790391382302, 36991] , [0, 0] ,  [0.0, 0] ,  [-0.04152622728374792, 63] ,  [0.0, 0] ,  [0.0, 0] ,  [0.004307866894190868, 4] ,  [0.005425657051655331, 15]  ]
L_t_LQuujj900 = [[162.64994313380615, 41425] , [0, 0] ,  [0.0, 0] ,  [0.10090952571643796, 65] ,  [0.0, 0] ,  [0.0, 0] ,  [0.05938481733456611, 6] ,  [0.010510137890090242, 10]  ]
L_t_LQuujj1000 = [[81.81510252823192, 32306] , [1, 1] ,  [0.0, 0] ,  [0.1396197402936973, 71] ,  [0.0, 0] ,  [0.0, 0] ,  [0.053657971136451627, 5] ,  [0.00965351185505038, 6]  ]
L_t_LQuujj1100 = [[44.58031411968679, 49754] , [1, 1] ,  [0.0, 0] ,  [0.38936510837451654, 72] ,  [0.0, 0] ,  [0.0, 0] ,  [0.03984371732900197, 4] ,  [0.01648186567791194, 8]  ]
L_t_LQuujj1200 = [[20.846594353804964, 47850] , [1, 1] ,  [0.0, 0] ,  [0.08059568165171589, 28] ,  [0.0, 0] ,  [0.1798017221982238, 1] ,  [-0.021616704287563245, 2] ,  [0.004507485710526537, 4]  ]
L_t_LQuujj1300 = [[10.951654623225075, 49010] , [0, 0] ,  [0.0, 0] ,  [0.041857337251512416, 17] ,  [0.0, 0] ,  [0.0, 0] ,  [0.0, 0] ,  [0.000999547751279466, 2]  ]
L_t_LQuujj1400 = [[6.809774466926821, 58809] , [0, 0] ,  [0.0, 0] ,  [0.16716714819773962, 43] ,  [0.0, 0] ,  [0.1798017221982238, 1] ,  [0.001086233225338757, 2] ,  [-0.00121208744157723, 5]  ]
L_t_LQuujj1500 = [[3.2786322725940806, 53550] , [0, 0] ,  [0.0, 0] ,  [0.021228596479307246, 18] ,  [0.0, 0] ,  [0.0, 0] ,  [0.012874009939008436, 1] ,  [0.0008745785225931047, 1]  ]
L_t_LQuujj1600 = [[1.8718620815678468, 57091] , [0, 0] ,  [0.0, 0] ,  [0.15741089956948068, 21] ,  [0.0, 0] ,  [0.0, 0] ,  [0.0, 0] ,  [-0.001552911083756047, 3]  ]
L_t_LQuujj1700 = [[0.9866773026150291, 39296] , [0, 0] ,  [0.0, 0] ,  [0.030486280348137197, 11] ,  [0.0, 0] ,  [0.0, 0] ,  [0.0, 0] ,  [-0.00047177826212265454, 1]  ]
L_t_LQuujj1800 = [[0.5397445250456788, 55015] , [0, 0] ,  [0.0, 0] ,  [8.260382345097374e-05, 4] ,  [0.0, 0] ,  [0.0, 0] ,  [0.0, 0] ,  [0.0, 0]  ]
L_t_LQuujj1900 = [[0.31941691913476933, 54461] , [0, 0] ,  [0.0, 0] ,  [0.08413989416102563, 23] ,  [0.0, 0] ,  [0.0, 0] ,  [0.0, 0] ,  [-0.0012521372434001064, 1]  ]
L_t_LQuujj2000 = [[0.17681231118442858, 57297] , [0, 0] ,  [0.0, 0] ,  [0.06113279043933036, 10] ,  [0.0, 0] ,  [0.0, 0] ,  [0.012874009939008436, 1] ,  [-0.002405882652812654, 1]  ]
L_t_LQuujj2100 = [[0.09748906501440441, 58531] , [0, 0] ,  [0.0, 0] ,  [0.0675656802124831, 13] ,  [0.0, 0] ,  [0.0, 0] ,  [0.0, 0] ,  [0.0, 0]  ]
L_t_LQuujj2200 = [[0.05071567439652422, 54726] , [0, 0] ,  [0.0, 0] ,  [0.02908246704826557, 3] ,  [0.0, 0] ,  [0.0, 0] ,  [0.0, 0] ,  [0.0, 0]  ]
L_t_LQuujj2300 = [[0.028897841533943824, 56491] , [0, 0] ,  [0.0, 0] ,  [0.034343886900244036, 6] ,  [0.0, 0] ,  [0.0, 0] ,  [0.0, 0] ,  [0.0, 0]  ]
L_t_LQuujj2400 = [[0.016334075601712114, 56958] , [0, 0] ,  [0.0, 0] ,  [0.013711929330416884, 7] ,  [0.0, 0] ,  [0.0, 0] ,  [0.0, 0] ,  [0.0, 0]  ]
L_t_LQuujj2500 = [[0.009387049436504454, 55747] , [0, 0] ,  [0.0, 0] ,  [0.0014918666910243733, 5] ,  [0.0, 0] ,  [0.0, 0] ,  [0.0, 0] ,  [0.0, 0]  ]
L_t_LQuujj2600 = [[0.005164488171154187, 56325] , [0, 0] ,  [0.0, 0] ,  [0.0006230944199484435, 4] ,  [0.0, 0] ,  [0.0, 0] ,  [0.0, 0] ,  [0.0, 0]  ]
L_t_LQuujj2700 = [[0.002874871416049958, 55187] , [0, 0] ,  [0.0, 0] ,  [0.03207839621626531, 5] ,  [0.0, 0] ,  [0.0, 0] ,  [0.0, 0] ,  [0.0, 0]  ]
L_t_LQuujj2800 = [[0.0015864601630921655, 54465] , [0, 0] ,  [0.0, 0] ,  [-0.002548868999057679, 4] ,  [0.0, 0] ,  [0.0, 0] ,  [0.0, 0] ,  [0.0, 0]  ]
L_t_LQuujj2900 = [[0.0008719213219719451, 54100] , [0, 0] ,  [0.0, 0] ,  [-0.0004333673181500441, 3] ,  [0.0, 0] ,  [0.0, 0] ,  [0.0, 0] ,  [0.0, 0]  ]
L_t_LQuujj3000 = [[0.0004859761032516682, 52000] , [0, 0] ,  [0.0, 0] ,  [0.002413366743306108, 3] ,  [0.0, 0] ,  [0.0, 0] ,  [0.0, 0] ,  [0.0, 0]  ]
L_t_LQuujj3500 = [[2.9768103943951933e-05, 40379] , [0, 0] ,  [0.0, 0] ,  [0.02860277521952743, 3] ,  [0.0, 0] ,  [0.0, 0] ,  [0.0, 0] ,  [0.0, 0]  ]
L_t_LQuujj4000 = [[2.4455753005539673e-06, 44539] , [0, 0] ,  [0.0, 0] ,  [0.0008973119587368868, 3] ,  [0.0, 0] ,  [0.0, 0] ,  [0.0, 0] ,  [0.0, 0]  ]
