headers = ['Signal', 'Data', 'TTBar', 'ZJets', 'WJets', 'sTop', 'VV', 'TTV']
L_t_LQuujj300 = [[19002.527629733457, 6348] , [0, 0] ,  [0.12601978264479916, 1] ,  [0.6859072231272416, 60] ,  [0.0, 0] ,  [0.0, 0] ,  [0.24186060684904367, 17] ,  [0.04234264532037193, 48]  ]
L_t_LQuujj400 = [[5555.90147371265, 8786] , [0, 0] ,  [0.0, 0] ,  [0.7933113897835138, 50] ,  [0.0, 0] ,  [0.3819942817373484, 2] ,  [-0.013424981060190223, 3] ,  [0.012470703998303016, 17]  ]
L_t_LQuujj500 = [[3439.1536090425107, 19990] , [2, 2] ,  [0.5854199037490889, 3] ,  [0.7191730398576603, 84] ,  [0.0, 0] ,  [0.4112534513340784, 2] ,  [0.05374347924736693, 8] ,  [0.025383650203593462, 30]  ]
L_t_LQuujj600 = [[1393.7203144677558, 23902] , [0, 0] ,  [0.0, 0] ,  [0.2177551012025882, 50] ,  [0.0, 0] ,  [0.0, 0] ,  [0.046232239375914586, 5] ,  [0.018211447203132558, 16]  ]
L_t_LQuujj700 = [[713.9632148410548, 31890] , [0, 0] ,  [0.0, 0] ,  [0.28334190678767207, 67] ,  [0.0, 0] ,  [0.0, 0] ,  [-0.013076443596157691, 12] ,  [0.020554822670458488, 26]  ]
L_t_LQuujj800 = [[336.3927243071157, 36991] , [0, 0] ,  [0.0, 0] ,  [-0.044213614636945384, 63] ,  [0.0, 0] ,  [0.0, 0] ,  [0.006334851313414953, 4] ,  [0.005680952849225236, 15]  ]
L_t_LQuujj900 = [[167.137092334146, 41425] , [0, 0] ,  [0.0, 0] ,  [0.10267332027305295, 65] ,  [0.0, 0] ,  [0.0, 0] ,  [0.06478889423167, 6] ,  [0.01126113768550301, 10]  ]
L_t_LQuujj1000 = [[84.27210672001932, 32306] , [1, 1] ,  [0.0, 0] ,  [0.15033943141100004, 71] ,  [0.0, 0] ,  [0.0, 0] ,  [0.05832228428781326, 5] ,  [0.010071486765913944, 6]  ]
L_t_LQuujj1100 = [[46.02290778923919, 49754] , [1, 1] ,  [0.0, 0] ,  [0.3999804112583158, 72] ,  [0.0, 0] ,  [0.0, 0] ,  [0.04149594011874207, 4] ,  [0.018055325488665532, 8]  ]
L_t_LQuujj1200 = [[21.558402216471, 47850] , [1, 1] ,  [0.0, 0] ,  [0.08624048654316235, 28] ,  [0.0, 0] ,  [0.19194324628734152, 1] ,  [-0.02499023428885319, 2] ,  [0.005320889082135759, 4]  ]
L_t_LQuujj1300 = [[11.355965837555036, 49010] , [0, 0] ,  [0.0, 0] ,  [0.04649251055796275, 17] ,  [0.0, 0] ,  [0.0, 0] ,  [0.0, 0] ,  [0.001287989908778187, 2]  ]
L_t_LQuujj1400 = [[7.080772967339045, 58809] , [0, 0] ,  [0.0, 0] ,  [0.1855257456116817, 43] ,  [0.0, 0] ,  [0.19194324628734152, 1] ,  [-0.0009081452584262743, 2] ,  [-0.001101938767348333, 5]  ]
L_t_LQuujj1500 = [[3.4182211939253, 53550] , [0, 0] ,  [0.0, 0] ,  [0.022116989683887735, 18] ,  [0.0, 0] ,  [0.0, 0] ,  [0.013477080091535403, 1] ,  [0.0009947521454741052, 1]  ]
L_t_LQuujj1600 = [[1.9561302072022078, 57091] , [0, 0] ,  [0.0, 0] ,  [0.17354366918001465, 21] ,  [0.0, 0] ,  [0.0, 0] ,  [0.0, 0] ,  [-0.001559044999338691, 3]  ]
L_t_LQuujj1700 = [[1.0337077057473518, 39296] , [0, 0] ,  [0.0, 0] ,  [0.030570694809595206, 11] ,  [0.0, 0] ,  [0.0, 0] ,  [0.0, 0] ,  [-0.0004938740197793861, 1]  ]
L_t_LQuujj1800 = [[0.566838617891751, 55015] , [0, 0] ,  [0.0, 0] ,  [8.988578154329628e-05, 4] ,  [0.0, 0] ,  [0.0, 0] ,  [0.0, 0] ,  [0.0, 0]  ]
L_t_LQuujj1900 = [[0.3364418169058285, 54461] , [0, 0] ,  [0.0, 0] ,  [0.08803011748992168, 23] ,  [0.0, 0] ,  [0.0, 0] ,  [0.0, 0] ,  [-0.0012730934262529504, 1]  ]
L_t_LQuujj2000 = [[0.18666403329516737, 57297] , [0, 0] ,  [0.0, 0] ,  [0.06155413424659516, 10] ,  [0.0, 0] ,  [0.0, 0] ,  [0.013477080091535403, 1] ,  [-0.0025809876391790386, 1]  ]
L_t_LQuujj2100 = [[0.1031070124711738, 58531] , [0, 0] ,  [0.0, 0] ,  [0.07237905418909046, 13] ,  [0.0, 0] ,  [0.0, 0] ,  [0.0, 0] ,  [0.0, 0]  ]
L_t_LQuujj2200 = [[0.05377122875844958, 54726] , [0, 0] ,  [0.0, 0] ,  [0.029103133107908512, 3] ,  [0.0, 0] ,  [0.0, 0] ,  [0.0, 0] ,  [0.0, 0]  ]
L_t_LQuujj2300 = [[0.030708030588563848, 56491] , [0, 0] ,  [0.0, 0] ,  [0.03816432244330403, 6] ,  [0.0, 0] ,  [0.0, 0] ,  [0.0, 0] ,  [0.0, 0]  ]
L_t_LQuujj2400 = [[0.017392588711997142, 56958] , [0, 0] ,  [0.0, 0] ,  [0.014849847325787783, 7] ,  [0.0, 0] ,  [0.0, 0] ,  [0.0, 0] ,  [0.0, 0]  ]
L_t_LQuujj2500 = [[0.010016262577605599, 55747] , [0, 0] ,  [0.0, 0] ,  [0.0016951637006710246, 5] ,  [0.0, 0] ,  [0.0, 0] ,  [0.0, 0] ,  [0.0, 0]  ]
L_t_LQuujj2600 = [[0.00551591195450452, 56325] , [0, 0] ,  [0.0, 0] ,  [0.0011046380723350332, 4] ,  [0.0, 0] ,  [0.0, 0] ,  [0.0, 0] ,  [0.0, 0]  ]
L_t_LQuujj2700 = [[0.003077473143426673, 55187] , [0, 0] ,  [0.0, 0] ,  [0.036192088522169534, 5] ,  [0.0, 0] ,  [0.0, 0] ,  [0.0, 0] ,  [0.0, 0]  ]
L_t_LQuujj2800 = [[0.0017015935954603067, 54465] , [0, 0] ,  [0.0, 0] ,  [-0.0030325840983445214, 4] ,  [0.0, 0] ,  [0.0, 0] ,  [0.0, 0] ,  [0.0, 0]  ]
L_t_LQuujj2900 = [[0.0009362209835176331, 54100] , [0, 0] ,  [0.0, 0] ,  [-0.0006322666293236481, 3] ,  [0.0, 0] ,  [0.0, 0] ,  [0.0, 0] ,  [0.0, 0]  ]
L_t_LQuujj3000 = [[0.0005229264553664161, 52000] , [0, 0] ,  [0.0, 0] ,  [0.002449283046119767, 3] ,  [0.0, 0] ,  [0.0, 0] ,  [0.0, 0] ,  [0.0, 0]  ]
L_t_LQuujj3500 = [[3.2254673438977706e-05, 40379] , [0, 0] ,  [0.0, 0] ,  [0.028414362540450846, 3] ,  [0.0, 0] ,  [0.0, 0] ,  [0.0, 0] ,  [0.0, 0]  ]
L_t_LQuujj4000 = [[2.667590757273499e-06, 44539] , [0, 0] ,  [0.0, 0] ,  [0.0009891090727494867, 3] ,  [0.0, 0] ,  [0.0, 0] ,  [0.0, 0] ,  [0.0, 0]  ]
