headers = ['Signal', 'Data', 'TTBar', 'ZJets', 'WJets', 'sTop', 'VV', 'TTV']
L_t_LQuujj300 = [[18814.38379181535, 6348] , [0, 0] ,  [0.1278682512533673, 1] ,  [0.686358665278716, 60] ,  [0.0, 0] ,  [0.0, 0] ,  [0.2415781080441144, 17] ,  [0.04229318812741942, 48]  ]
L_t_LQuujj400 = [[5500.892548230319, 8786] , [0, 0] ,  [0.0, 0] ,  [0.7936725094232067, 50] ,  [0.0, 0] ,  [0.37821216013598846, 2] ,  [-0.013409300370576855, 3] ,  [0.012456137926456745, 17]  ]
L_t_LQuujj500 = [[3405.1025832104015, 19990] , [2, 2] ,  [0.5940068913807156, 3] ,  [0.7193708911774782, 84] ,  [0.0, 0] ,  [0.4071816349842361, 2] ,  [0.053680705615654384, 8] ,  [0.025354001510734067, 30]  ]
L_t_LQuujj600 = [[1379.9211034334146, 23902] , [0, 0] ,  [0.0, 0] ,  [0.21773444143047324, 50] ,  [0.0, 0] ,  [0.0, 0] ,  [0.046178239046786806, 5] ,  [0.01819017580992, 16]  ]
L_t_LQuujj700 = [[706.8942721198579, 31890] , [0, 0] ,  [0.0, 0] ,  [0.28351186997659394, 67] ,  [0.0, 0] ,  [0.0, 0] ,  [-0.013061170006395546, 12] ,  [0.020530814160285696, 26]  ]
L_t_LQuujj800 = [[333.0621032743738, 36991] , [0, 0] ,  [0.0, 0] ,  [-0.044197538605459975, 63] ,  [0.0, 0] ,  [0.0, 0] ,  [0.006327452059982327, 4] ,  [0.005674317364382653, 15]  ]
L_t_LQuujj900 = [[165.48226963776716, 41425] , [0, 0] ,  [0.0, 0] ,  [0.1028101933341284, 65] ,  [0.0, 0] ,  [0.0, 0] ,  [0.06471321929877549, 6] ,  [0.011247984415196852, 10]  ]
L_t_LQuujj1000 = [[83.43772942576203, 32306] , [1, 1] ,  [0.0, 0] ,  [0.15050282771823645, 71] ,  [0.0, 0] ,  [0.0, 0] ,  [0.058254162505491223, 5] ,  [0.010059723035506181, 6]  ]
L_t_LQuujj1100 = [[45.56723543488986, 49754] , [1, 1] ,  [0.0, 0] ,  [0.40034719762192045, 72] ,  [0.0, 0] ,  [0.0, 0] ,  [0.041447471897126, 4] ,  [0.018034236449240695, 8]  ]
L_t_LQuujj1200 = [[21.3449526895753, 47850] , [1, 1] ,  [0.0, 0] ,  [0.08631567513399441, 28] ,  [0.0, 0] ,  [0.19004281810627874, 1] ,  [-0.024961045114917535, 2] ,  [0.005314674160134005, 4]  ]
L_t_LQuujj1300 = [[11.24353053223282, 49010] , [0, 0] ,  [0.0, 0] ,  [0.04655361283002286, 17] ,  [0.0, 0] ,  [0.0, 0] ,  [0.0, 0] ,  [0.0012864855066569366, 2]  ]
L_t_LQuujj1400 = [[7.010666304296092, 58809] , [0, 0] ,  [0.0, 0] ,  [0.1856799221869, 43] ,  [0.0, 0] ,  [0.19004281810627874, 1] ,  [-0.0009070845236768266, 2] ,  [-0.0011006516772804774, 5]  ]
L_t_LQuujj1500 = [[3.3843774197279886, 53550] , [0, 0] ,  [0.0, 0] ,  [0.022132255008045162, 18] ,  [0.0, 0] ,  [0.0, 0] ,  [0.01346133854904366, 1] ,  [0.0009935902518695275, 1]  ]
L_t_LQuujj1600 = [[1.9367625813883214, 57091] , [0, 0] ,  [0.0, 0] ,  [0.17370277341135779, 21] ,  [0.0, 0] ,  [0.0, 0] ,  [0.0, 0] ,  [-0.0015572239985776255, 3]  ]
L_t_LQuujj1700 = [[1.0234729759874768, 39296] , [0, 0] ,  [0.0, 0] ,  [0.030569995534018624, 11] ,  [0.0, 0] ,  [0.0, 0] ,  [0.0, 0] ,  [-0.0004932971634562714, 1]  ]
L_t_LQuujj1800 = [[0.5612263543482724, 55015] , [0, 0] ,  [0.0, 0] ,  [8.631159657934446e-05, 4] ,  [0.0, 0] ,  [0.0, 0] ,  [0.0, 0] ,  [0.0, 0]  ]
L_t_LQuujj1900 = [[0.3331107098077517, 54461] , [0, 0] ,  [0.0, 0] ,  [0.08805204988231072, 23] ,  [0.0, 0] ,  [0.0, 0] ,  [0.0, 0] ,  [-0.0012716064235691936, 1]  ]
L_t_LQuujj2000 = [[0.18481587454967183, 57297] , [0, 0] ,  [0.0, 0] ,  [0.06154733383360162, 10] ,  [0.0, 0] ,  [0.0, 0] ,  [0.01346133854904366, 1] ,  [-0.002577972985684598, 1]  ]
L_t_LQuujj2100 = [[0.10208615096155821, 58531] , [0, 0] ,  [0.0, 0] ,  [0.07241224474037374, 13] ,  [0.0, 0] ,  [0.0, 0] ,  [0.0, 0] ,  [0.0, 0]  ]
L_t_LQuujj2200 = [[0.05323884035490103, 54726] , [0, 0] ,  [0.0, 0] ,  [0.029087866487506678, 3] ,  [0.0, 0] ,  [0.0, 0] ,  [0.0, 0] ,  [0.0, 0]  ]
L_t_LQuujj2300 = [[0.030403990681746512, 56491] , [0, 0] ,  [0.0, 0] ,  [0.03821161485535965, 6] ,  [0.0, 0] ,  [0.0, 0] ,  [0.0, 0] ,  [0.0, 0]  ]
L_t_LQuujj2400 = [[0.01722038486336368, 56958] , [0, 0] ,  [0.0, 0] ,  [0.01487291979245505, 7] ,  [0.0, 0] ,  [0.0, 0] ,  [0.0, 0] ,  [0.0, 0]  ]
L_t_LQuujj2500 = [[0.009917091660995652, 55747] , [0, 0] ,  [0.0, 0] ,  [0.0016934919262925853, 5] ,  [0.0, 0] ,  [0.0, 0] ,  [0.0, 0] ,  [0.0, 0]  ]
L_t_LQuujj2600 = [[0.00546129896485593, 56325] , [0, 0] ,  [0.0, 0] ,  [0.001103556425321216, 4] ,  [0.0, 0] ,  [0.0, 0] ,  [0.0, 0] ,  [0.0, 0]  ]
L_t_LQuujj2700 = [[0.0030470031123036186, 55187] , [0, 0] ,  [0.0, 0] ,  [0.03623594148746841, 5] ,  [0.0, 0] ,  [0.0, 0] ,  [0.0, 0] ,  [0.0, 0]  ]
L_t_LQuujj2800 = [[0.00168474613411911, 54465] , [0, 0] ,  [0.0, 0] ,  [-0.003035762266447879, 4] ,  [0.0, 0] ,  [0.0, 0] ,  [0.0, 0] ,  [0.0, 0]  ]
L_t_LQuujj2900 = [[0.000926951468829334, 54100] , [0, 0] ,  [0.0, 0] ,  [-0.0006328741726783888, 3] ,  [0.0, 0] ,  [0.0, 0] ,  [0.0, 0] ,  [0.0, 0]  ]
L_t_LQuujj3000 = [[0.0005177489657093207, 52000] , [0, 0] ,  [0.0, 0] ,  [0.002448047057245931, 3] ,  [0.0, 0] ,  [0.0, 0] ,  [0.0, 0] ,  [0.0, 0]  ]
L_t_LQuujj3500 = [[3.193532023661122e-05, 40379] , [0, 0] ,  [0.0, 0] ,  [0.028402662537941725, 3] ,  [0.0, 0] ,  [0.0, 0] ,  [0.0, 0] ,  [0.0, 0]  ]
L_t_LQuujj4000 = [[2.6411789675975223e-06, 44539] , [0, 0] ,  [0.0, 0] ,  [0.0009959392145734041, 3] ,  [0.0, 0] ,  [0.0, 0] ,  [0.0, 0] ,  [0.0, 0]  ]
