headers = ['Signal', 'Data', 'TTBar', 'ZJets', 'WJets', 'sTop', 'VV', 'TTV']
L_t_LQuujj300 = [[19113.078758873675, 6348] , [0, 0] ,  [0.12557546751468002, 1] ,  [0.6876675706084732, 60] ,  [0.0, 0] ,  [0.0, 0] ,  [0.2420878789300557, 17] ,  [0.0422297141077921, 48]  ]
L_t_LQuujj400 = [[5588.598247552977, 8786] , [0, 0] ,  [0.0, 0] ,  [0.7940523596639398, 50] ,  [0.0, 0] ,  [0.38439236579570446, 2] ,  [-0.01332139873272151, 3] ,  [0.012436467458670959, 17]  ]
L_t_LQuujj500 = [[3459.5452274869535, 19990] , [2, 2] ,  [0.5857224274061521, 3] ,  [0.721060252699664, 84] ,  [0.0, 0] ,  [0.41414688438643144, 2] ,  [0.053682160943265875, 8] ,  [0.025242354253853534, 30]  ]
L_t_LQuujj600 = [[1402.0610521234225, 23902] , [0, 0] ,  [0.0, 0] ,  [0.2184229011655693, 50] ,  [0.0, 0] ,  [0.0, 0] ,  [0.046219882652069985, 5] ,  [0.018185097078795894, 16]  ]
L_t_LQuujj700 = [[718.2562271812998, 31890] , [0, 0] ,  [0.0, 0] ,  [0.2837043163945073, 67] ,  [0.0, 0] ,  [0.0, 0] ,  [-0.012954257694325408, 12] ,  [0.020521054664561358, 26]  ]
L_t_LQuujj800 = [[338.43464540175626, 36991] , [0, 0] ,  [0.0, 0] ,  [-0.04432929474136071, 63] ,  [0.0, 0] ,  [0.0, 0] ,  [0.006414199828844889, 4] ,  [0.00566629455109445, 15]  ]
L_t_LQuujj900 = [[168.1544722261961, 41425] , [0, 0] ,  [0.0, 0] ,  [0.10279565272297869, 65] ,  [0.0, 0] ,  [0.0, 0] ,  [0.06484100116714503, 6] ,  [0.011232445892573576, 10]  ]
L_t_LQuujj1000 = [[84.78662977918123, 32306] , [1, 1] ,  [0.0, 0] ,  [0.15035288859839663, 71] ,  [0.0, 0] ,  [0.0, 0] ,  [0.058256468917251676, 5] ,  [0.01003705288043566, 6]  ]
L_t_LQuujj1100 = [[46.30385240064182, 49754] , [1, 1] ,  [0.0, 0] ,  [0.4001113072487752, 72] ,  [0.0, 0] ,  [0.0, 0] ,  [0.04145785373207376, 4] ,  [0.018015953976760313, 8]  ]
L_t_LQuujj1200 = [[21.69095646346329, 47850] , [1, 1] ,  [0.0, 0] ,  [0.08631350124773603, 28] ,  [0.0, 0] ,  [0.1933044146180841, 1] ,  [-0.024906711324173055, 2] ,  [0.0053099347369019905, 4]  ]
L_t_LQuujj1300 = [[11.42611567762223, 49010] , [0, 0] ,  [0.0, 0] ,  [0.04648570962227135, 17] ,  [0.0, 0] ,  [0.0, 0] ,  [0.0, 0] ,  [0.0012802887533830709, 2]  ]
L_t_LQuujj1400 = [[7.12451925449601, 58809] , [0, 0] ,  [0.0, 0] ,  [0.18552419490371652, 43] ,  [0.0, 0] ,  [0.1933044146180841, 1] ,  [-0.0009053529169477294, 2] ,  [-0.0011009923832765009, 5]  ]
L_t_LQuujj1500 = [[3.43946838096603, 53550] , [0, 0] ,  [0.0, 0] ,  [0.022152909040656983, 18] ,  [0.0, 0] ,  [0.0, 0] ,  [0.013423792603781832, 1] ,  [0.000996272511438391, 1]  ]
L_t_LQuujj1600 = [[1.9682895511402263, 57091] , [0, 0] ,  [0.0, 0] ,  [0.17349072399496795, 21] ,  [0.0, 0] ,  [0.0, 0] ,  [0.0, 0] ,  [-0.0015553621675161097, 3]  ]
L_t_LQuujj1700 = [[1.0401674863556927, 39296] , [0, 0] ,  [0.0, 0] ,  [0.03067010094709321, 11] ,  [0.0, 0] ,  [0.0, 0] ,  [0.0, 0] ,  [-0.0004952395341203793, 1]  ]
L_t_LQuujj1800 = [[0.5703956955253021, 55015] , [0, 0] ,  [0.0, 0] ,  [0.00010091597980394548, 4] ,  [0.0, 0] ,  [0.0, 0] ,  [0.0, 0] ,  [0.0, 0]  ]
L_t_LQuujj1900 = [[0.3385450411791632, 54461] , [0, 0] ,  [0.0, 0] ,  [0.08824311024224055, 23] ,  [0.0, 0] ,  [0.0, 0] ,  [0.0, 0] ,  [-0.0012682769809762738, 1]  ]
L_t_LQuujj2000 = [[0.18783459716905934, 57297] , [0, 0] ,  [0.0, 0] ,  [0.061714875878072076, 10] ,  [0.0, 0] ,  [0.0, 0] ,  [0.013423792603781832, 1] ,  [-0.0025813768139856604, 1]  ]
L_t_LQuujj2100 = [[0.1037556819835607, 58531] , [0, 0] ,  [0.0, 0] ,  [0.07246958302722004, 13] ,  [0.0, 0] ,  [0.0, 0] ,  [0.0, 0] ,  [0.0, 0]  ]
L_t_LQuujj2200 = [[0.0541111081085919, 54726] , [0, 0] ,  [0.0, 0] ,  [0.029188942024206854, 3] ,  [0.0, 0] ,  [0.0, 0] ,  [0.0, 0] ,  [0.0, 0]  ]
L_t_LQuujj2300 = [[0.030901978140476, 56491] , [0, 0] ,  [0.0, 0] ,  [0.038132488481301414, 6] ,  [0.0, 0] ,  [0.0, 0] ,  [0.0, 0] ,  [0.0, 0]  ]
L_t_LQuujj2400 = [[0.017502496216103475, 56958] , [0, 0] ,  [0.0, 0] ,  [0.014880480871430119, 7] ,  [0.0, 0] ,  [0.0, 0] ,  [0.0, 0] ,  [0.0, 0]  ]
L_t_LQuujj2500 = [[0.010079468968229647, 55747] , [0, 0] ,  [0.0, 0] ,  [0.0016834417105028006, 5] ,  [0.0, 0] ,  [0.0, 0] ,  [0.0, 0] ,  [0.0, 0]  ]
L_t_LQuujj2600 = [[0.005550790805097598, 56325] , [0, 0] ,  [0.0, 0] ,  [0.0010957481347166737, 4] ,  [0.0, 0] ,  [0.0, 0] ,  [0.0, 0] ,  [0.0, 0]  ]
L_t_LQuujj2700 = [[0.0030969596957919573, 55187] , [0, 0] ,  [0.0, 0] ,  [0.03615384720664833, 5] ,  [0.0, 0] ,  [0.0, 0] ,  [0.0, 0] ,  [0.0, 0]  ]
L_t_LQuujj2800 = [[0.0017123706495108463, 54465] , [0, 0] ,  [0.0, 0] ,  [-0.003045650025667863, 4] ,  [0.0, 0] ,  [0.0, 0] ,  [0.0, 0] ,  [0.0, 0]  ]
L_t_LQuujj2900 = [[0.0009421385406031059, 54100] , [0, 0] ,  [0.0, 0] ,  [-0.0006409940280788793, 3] ,  [0.0, 0] ,  [0.0, 0] ,  [0.0, 0] ,  [0.0, 0]  ]
L_t_LQuujj3000 = [[0.0005262495465702782, 52000] , [0, 0] ,  [0.0, 0] ,  [0.0024516711647658705, 3] ,  [0.0, 0] ,  [0.0, 0] ,  [0.0, 0] ,  [0.0, 0]  ]
L_t_LQuujj3500 = [[3.245965676860553e-05, 40379] , [0, 0] ,  [0.0, 0] ,  [0.02850918565414251, 3] ,  [0.0, 0] ,  [0.0, 0] ,  [0.0, 0] ,  [0.0, 0]  ]
L_t_LQuujj4000 = [[2.684488833462338e-06, 44539] , [0, 0] ,  [0.0, 0] ,  [0.0009805246013050196, 3] ,  [0.0, 0] ,  [0.0, 0] ,  [0.0, 0] ,  [0.0, 0]  ]
