headers = ['Signal', 'Data', 'TTBar', 'ZJets', 'WJets', 'sTop', 'VV', 'TTV']
L_t_LQuujj300 = [[18728.20075124675, 6348] , [0, 0] ,  [0.12019319444807448, 1] ,  [0.7822283049638546, 60] ,  [0.0, 0] ,  [0.0, 0] ,  [0.2825694211139874, 17] ,  [0.0420652713430316, 48]  ]
L_t_LQuujj400 = [[5474.460634831856, 8786] , [0, 0] ,  [0.0, 0] ,  [0.7568426238926573, 50] ,  [0.0, 0] ,  [0.39310394544997185, 2] ,  [-0.0137813711923088, 3] ,  [0.012929780489262351, 17]  ]
L_t_LQuujj500 = [[3395.8605367941027, 19990] , [2, 2] ,  [0.5798516182292036, 3] ,  [0.5988525634580328, 84] ,  [0.0, 0] ,  [0.36564544977665847, 2] ,  [0.061978067928151484, 8] ,  [0.025335706411040246, 30]  ]
L_t_LQuujj600 = [[1375.6632370389896, 23902] , [0, 0] ,  [0.0, 0] ,  [0.24854657715162068, 50] ,  [0.0, 0] ,  [0.0, 0] ,  [0.041026930529792296, 5] ,  [0.01789213929954935, 16]  ]
L_t_LQuujj700 = [[706.1292905642749, 31890] , [0, 0] ,  [0.0, 0] ,  [0.28240753983156025, 67] ,  [0.0, 0] ,  [0.0, 0] ,  [-0.011413429543513643, 12] ,  [0.020813587169775737, 26]  ]
L_t_LQuujj800 = [[332.6046937863355, 36991] , [0, 0] ,  [0.0, 0] ,  [-0.043827147336011826, 63] ,  [0.0, 0] ,  [0.0, 0] ,  [-0.002301533143289164, 4] ,  [0.006799082127606803, 15]  ]
L_t_LQuujj900 = [[165.23189572388026, 41425] , [0, 0] ,  [0.0, 0] ,  [0.08958737622243523, 65] ,  [0.0, 0] ,  [0.0, 0] ,  [0.06163891794922821, 6] ,  [0.012460917892532869, 10]  ]
L_t_LQuujj1000 = [[83.30975863532171, 32306] , [1, 1] ,  [0.0, 0] ,  [0.1367664743939866, 71] ,  [0.0, 0] ,  [0.0, 0] ,  [0.060332479023746596, 5] ,  [0.010814104770364099, 6]  ]
L_t_LQuujj1100 = [[45.53189479488956, 49754] , [1, 1] ,  [0.0, 0] ,  [0.3253796959822144, 72] ,  [0.0, 0] ,  [0.0, 0] ,  [0.04486263931735754, 4] ,  [0.017440847986615104, 8]  ]
L_t_LQuujj1200 = [[21.3254101606785, 47850] , [1, 1] ,  [0.0, 0] ,  [0.09252115797755033, 28] ,  [0.0, 0] ,  [0.18341524051266522, 1] ,  [-0.02074938760876037, 2] ,  [0.005533400150087338, 4]  ]
L_t_LQuujj1300 = [[11.228027569021027, 49010] , [0, 0] ,  [0.0, 0] ,  [0.05371695616889872, 17] ,  [0.0, 0] ,  [0.0, 0] ,  [0.0, 0] ,  [0.0013948575822764536, 2]  ]
L_t_LQuujj1400 = [[7.006017592290754, 58809] , [0, 0] ,  [0.0, 0] ,  [0.18388811965931304, 43] ,  [0.0, 0] ,  [0.18341524051266522, 1] ,  [0.003506987922580791, 2] ,  [-0.0009676395638318169, 5]  ]
L_t_LQuujj1500 = [[3.3793048854970666, 53550] , [0, 0] ,  [0.0, 0] ,  [0.02129080655936023, 18] ,  [0.0, 0] ,  [0.0, 0] ,  [0.015794102043194706, 1] ,  [0.001245888813872557, 1]  ]
L_t_LQuujj1600 = [[1.934644660020699, 57091] , [0, 0] ,  [0.0, 0] ,  [0.17592659173423655, 21] ,  [0.0, 0] ,  [0.0, 0] ,  [0.0, 0] ,  [-0.0016928330477088641, 3]  ]
L_t_LQuujj1700 = [[1.0231119774123432, 39296] , [0, 0] ,  [0.0, 0] ,  [0.028992237181370534, 11] ,  [0.0, 0] ,  [0.0, 0] ,  [0.0, 0] ,  [-0.0009163801678579472, 1]  ]
L_t_LQuujj1800 = [[0.5606033979998426, 55015] , [0, 0] ,  [0.0, 0] ,  [-3.7346639687946444e-05, 4] ,  [0.0, 0] ,  [0.0, 0] ,  [0.0, 0] ,  [0.0, 0]  ]
L_t_LQuujj1900 = [[0.33299959144407887, 54461] , [0, 0] ,  [0.0, 0] ,  [0.08306100691440599, 23] ,  [0.0, 0] ,  [0.0, 0] ,  [0.0, 0] ,  [-0.001284006935524803, 1]  ]
L_t_LQuujj2000 = [[0.18460375611496269, 57297] , [0, 0] ,  [0.0, 0] ,  [0.05322634774017906, 10] ,  [0.0, 0] ,  [0.0, 0] ,  [0.015794102043194706, 1] ,  [-0.0026495044366446926, 1]  ]
L_t_LQuujj2100 = [[0.10196677307996677, 58531] , [0, 0] ,  [0.0, 0] ,  [0.07520260908739716, 13] ,  [0.0, 0] ,  [0.0, 0] ,  [0.0, 0] ,  [0.0, 0]  ]
L_t_LQuujj2200 = [[0.05323670799053356, 54726] , [0, 0] ,  [0.0, 0] ,  [0.023718613090751923, 3] ,  [0.0, 0] ,  [0.0, 0] ,  [0.0, 0] ,  [0.0, 0]  ]
L_t_LQuujj2300 = [[0.03036262996108577, 56491] , [0, 0] ,  [0.0, 0] ,  [0.0452709731338915, 6] ,  [0.0, 0] ,  [0.0, 0] ,  [0.0, 0] ,  [0.0, 0]  ]
L_t_LQuujj2400 = [[0.01720809692708479, 56958] , [0, 0] ,  [0.0, 0] ,  [0.015240677763082133, 7] ,  [0.0, 0] ,  [0.0, 0] ,  [0.0, 0] ,  [0.0, 0]  ]
L_t_LQuujj2500 = [[0.009912476079289731, 55747] , [0, 0] ,  [0.0, 0] ,  [0.0008032971792706115, 5] ,  [0.0, 0] ,  [0.0, 0] ,  [0.0, 0] ,  [0.0, 0]  ]
L_t_LQuujj2600 = [[0.005458902040465729, 56325] , [0, 0] ,  [0.0, 0] ,  [0.001142199104421098, 4] ,  [0.0, 0] ,  [0.0, 0] ,  [0.0, 0] ,  [0.0, 0]  ]
L_t_LQuujj2700 = [[0.003046623099191347, 55187] , [0, 0] ,  [0.0, 0] ,  [0.0435855700979717, 5] ,  [0.0, 0] ,  [0.0, 0] ,  [0.0, 0] ,  [0.0, 0]  ]
L_t_LQuujj2800 = [[0.0016843409669305366, 54465] , [0, 0] ,  [0.0, 0] ,  [-0.003393273748155714, 4] ,  [0.0, 0] ,  [0.0, 0] ,  [0.0, 0] ,  [0.0, 0]  ]
L_t_LQuujj2900 = [[0.0009270861472899175, 54100] , [0, 0] ,  [0.0, 0] ,  [-0.0010918286189317548, 3] ,  [0.0, 0] ,  [0.0, 0] ,  [0.0, 0] ,  [0.0, 0]  ]
L_t_LQuujj3000 = [[0.0005175153278912913, 52000] , [0, 0] ,  [0.0, 0] ,  [0.0017993972480109788, 3] ,  [0.0, 0] ,  [0.0, 0] ,  [0.0, 0] ,  [0.0, 0]  ]
L_t_LQuujj3500 = [[3.1942283508865825e-05, 40379] , [0, 0] ,  [0.0, 0] ,  [0.023063103956340984, 3] ,  [0.0, 0] ,  [0.0, 0] ,  [0.0, 0] ,  [0.0, 0]  ]
L_t_LQuujj4000 = [[2.6433153260125006e-06, 44539] , [0, 0] ,  [0.0, 0] ,  [0.00031620695246879337, 3] ,  [0.0, 0] ,  [0.0, 0] ,  [0.0, 0] ,  [0.0, 0]  ]
