headers = ['Signal', 'Data', 'TTBar', 'ZJets', 'WJets', 'sTop', 'VV', 'TTV']
L_t_LQuujj300 = [[18938.46087616114, 6348] , [0, 0] ,  [0.126506488237692, 1] ,  [0.6870629358047197, 60] ,  [0.0, 0] ,  [0.0, 0] ,  [0.23944891774279092, 17] ,  [0.04230524806732321, 48]  ]
L_t_LQuujj400 = [[5552.45097944344, 8786] , [0, 0] ,  [0.0, 0] ,  [0.7967997947402717, 50] ,  [0.0, 0] ,  [0.3803022070107198, 2] ,  [-0.013447184402950807, 3] ,  [0.012483399812190453, 17]  ]
L_t_LQuujj500 = [[3440.2479524636883, 19990] , [2, 2] ,  [0.5872704893186553, 3] ,  [0.7354435599193698, 84] ,  [0.0, 0] ,  [0.4090476571998717, 2] ,  [0.05592907317776856, 8] ,  [0.02617543377740167, 30]  ]
L_t_LQuujj600 = [[1397.7414934401177, 23902] , [0, 0] ,  [0.0, 0] ,  [0.21937389062525733, 50] ,  [0.0, 0] ,  [0.0, 0] ,  [0.04624594169441895, 5] ,  [0.01821379654950966, 16]  ]
L_t_LQuujj700 = [[718.1526037795794, 31890] , [0, 0] ,  [0.0, 0] ,  [0.285033463658379, 67] ,  [0.0, 0] ,  [0.0, 0] ,  [-0.012944866499948627, 12] ,  [0.02128177344205151, 26]  ]
L_t_LQuujj800 = [[340.0614843485483, 36991] , [0, 0] ,  [0.0, 0] ,  [-0.04355904745779254, 63] ,  [0.0, 0] ,  [0.0, 0] ,  [0.006345455054118135, 4] ,  [0.0061442700671230765, 15]  ]
L_t_LQuujj900 = [[169.70625885822471, 41425] , [0, 0] ,  [0.0, 0] ,  [0.10813696851367016, 65] ,  [0.0, 0] ,  [0.0, 0] ,  [0.06757214666177444, 6] ,  [0.011272127671127029, 10]  ]
L_t_LQuujj1000 = [[86.11638416376572, 32306] , [1, 1] ,  [0.0, 0] ,  [0.16327528999479327, 71] ,  [0.0, 0] ,  [0.0, 0] ,  [0.05466550449676023, 5] ,  [0.010082101733639104, 6]  ]
L_t_LQuujj1100 = [[47.473644790193966, 49754] , [1, 1] ,  [0.0, 0] ,  [0.4977310815682507, 72] ,  [0.0, 0] ,  [0.0, 0] ,  [0.03781087953087417, 4] ,  [0.01808103570846371, 8]  ]
L_t_LQuujj1200 = [[22.42913252114255, 47850] , [1, 1] ,  [0.0, 0] ,  [0.09285007516806702, 28] ,  [0.0, 0] ,  [0.19119575393022026, 1] ,  [-0.02885437897106259, 2] ,  [0.004854091463950437, 4]  ]
L_t_LQuujj1300 = [[11.952331674958238, 49010] , [0, 0] ,  [0.0, 0] ,  [0.046344129148364804, 17] ,  [0.0, 0] ,  [0.0, 0] ,  [0.0, 0] ,  [0.0008215786730513812, 2]  ]
L_t_LQuujj1400 = [[7.560570936513491, 58809] , [0, 0] ,  [0.0, 0] ,  [0.19264547960959802, 43] ,  [0.0, 0] ,  [0.19119575393022026, 1] ,  [-0.0008960219149234862, 2] ,  [-0.0010917903848222256, 5]  ]
L_t_LQuujj1500 = [[3.7134762568068855, 53550] , [0, 0] ,  [0.0, 0] ,  [0.03359588438840664, 18] ,  [0.0, 0] ,  [0.0, 0] ,  [0.013513381333170461, 1] ,  [0.000994463269804537, 1]  ]
L_t_LQuujj1600 = [[2.1588096889324166, 57091] , [0, 0] ,  [0.0, 0] ,  [0.1749784242641201, 21] ,  [0.0, 0] ,  [0.0, 0] ,  [0.0, 0] ,  [-0.0020326135135244816, 3]  ]
L_t_LQuujj1700 = [[1.1705631599085358, 39296] , [0, 0] ,  [0.0, 0] ,  [0.050732543352276095, 11] ,  [0.0, 0] ,  [0.0, 0] ,  [0.0, 0] ,  [-0.0004947244811100778, 1]  ]
L_t_LQuujj1800 = [[0.6527436870780955, 55015] , [0, 0] ,  [0.0, 0] ,  [0.00019201652836616477, 4] ,  [0.0, 0] ,  [0.0, 0] ,  [0.0, 0] ,  [0.0, 0]  ]
L_t_LQuujj1900 = [[0.3948456472445746, 54461] , [0, 0] ,  [0.0, 0] ,  [0.10852307688719239, 23] ,  [0.0, 0] ,  [0.0, 0] ,  [0.0, 0] ,  [-0.0017463824888854938, 1]  ]
L_t_LQuujj2000 = [[0.22415906687710216, 57297] , [0, 0] ,  [0.0, 0] ,  [0.08074370573813253, 10] ,  [0.0, 0] ,  [0.0, 0] ,  [0.013513381333170461, 1] ,  [-0.002579595005001851, 1]  ]
L_t_LQuujj2100 = [[0.1268560433200706, 58531] , [0, 0] ,  [0.0, 0] ,  [0.07271245929466323, 13] ,  [0.0, 0] ,  [0.0, 0] ,  [0.0, 0] ,  [0.0, 0]  ]
L_t_LQuujj2200 = [[0.06808287340589235, 54726] , [0, 0] ,  [0.0, 0] ,  [0.02836604430482289, 3] ,  [0.0, 0] ,  [0.0, 0] ,  [0.0, 0] ,  [0.0, 0]  ]
L_t_LQuujj2300 = [[0.03946323279270576, 56491] , [0, 0] ,  [0.0, 0] ,  [0.03894957609322213, 6] ,  [0.0, 0] ,  [0.0, 0] ,  [0.0, 0] ,  [0.0, 0]  ]
L_t_LQuujj2400 = [[0.022796676937386736, 56958] , [0, 0] ,  [0.0, 0] ,  [0.016008748132888724, 7] ,  [0.0, 0] ,  [0.0, 0] ,  [0.0, 0] ,  [0.0, 0]  ]
L_t_LQuujj2500 = [[0.013371618440947931, 55747] , [0, 0] ,  [0.0, 0] ,  [-0.0001452085978877818, 5] ,  [0.0, 0] ,  [0.0, 0] ,  [0.0, 0] ,  [0.0, 0]  ]
L_t_LQuujj2600 = [[0.007509950453111197, 56325] , [0, 0] ,  [0.0, 0] ,  [0.00011036895449179638, 4] ,  [0.0, 0] ,  [0.0, 0] ,  [0.0, 0] ,  [0.0, 0]  ]
L_t_LQuujj2700 = [[0.004266875249631934, 55187] , [0, 0] ,  [0.0, 0] ,  [0.03677157445762552, 5] ,  [0.0, 0] ,  [0.0, 0] ,  [0.0, 0] ,  [0.0, 0]  ]
L_t_LQuujj2800 = [[0.0024031214086451848, 54465] , [0, 0] ,  [0.0, 0] ,  [-0.004892572382764464, 4] ,  [0.0, 0] ,  [0.0, 0] ,  [0.0, 0] ,  [0.0, 0]  ]
L_t_LQuujj2900 = [[0.0013477753012954281, 54100] , [0, 0] ,  [0.0, 0] ,  [-0.0015912297022791949, 3] ,  [0.0, 0] ,  [0.0, 0] ,  [0.0, 0] ,  [0.0, 0]  ]
L_t_LQuujj3000 = [[0.0007646800897027398, 52000] , [0, 0] ,  [0.0, 0] ,  [0.0025875688159447616, 3] ,  [0.0, 0] ,  [0.0, 0] ,  [0.0, 0] ,  [0.0, 0]  ]
L_t_LQuujj3500 = [[5.0818878219205956e-05, 40379] , [0, 0] ,  [0.0, 0] ,  [0.027700201905257488, 3] ,  [0.0, 0] ,  [0.0, 0] ,  [0.0, 0] ,  [0.0, 0]  ]
L_t_LQuujj4000 = [[4.508647925222567e-06, 44539] , [0, 0] ,  [0.0, 0] ,  [0.0014158188539015433, 3] ,  [0.0, 0] ,  [0.0, 0] ,  [0.0, 0] ,  [0.0, 0]  ]
