headers = ['Signal', 'Data', 'TTBar', 'ZJets', 'WJets', 'sTop', 'VV', 'TTV']
L_t_LQuujj300 = [[18814.38379181535, 6348] , [0, 0] ,  [0.12604854597423065, 1] ,  [0.7896263624808624, 60] ,  [0.0, 0] ,  [0.0, 0] ,  [0.24166301774470528, 17] ,  [0.04230805330692598, 48]  ]
L_t_LQuujj400 = [[5500.892548230319, 8786] , [0, 0] ,  [0.0, 0] ,  [0.8956348321749295, 50] ,  [0.0, 0] ,  [0.37821216013598846, 2] ,  [-0.01341401346187812, 3] ,  [0.012460516000904042, 17]  ]
L_t_LQuujj500 = [[3405.1025832104015, 19990] , [2, 2] ,  [0.5855535226555328, 3] ,  [0.8089221016995285, 84] ,  [0.0, 0] ,  [0.4071816349842361, 2] ,  [0.053699573271661104, 8] ,  [0.02536291291704686, 30]  ]
L_t_LQuujj600 = [[1379.9211034334146, 23902] , [0, 0] ,  [0.0, 0] ,  [0.24397149201578952, 50] ,  [0.0, 0] ,  [0.0, 0] ,  [0.04619446974121115, 5] ,  [0.018196569279900453, 16]  ]
L_t_LQuujj700 = [[706.8942721198579, 31890] , [0, 0] ,  [0.0, 0] ,  [0.32510450953869685, 67] ,  [0.0, 0] ,  [0.0, 0] ,  [-0.013065760737085451, 12] ,  [0.020538030316159053, 26]  ]
L_t_LQuujj800 = [[333.0621032743738, 36991] , [0, 0] ,  [0.0, 0] ,  [-0.04891046644138414, 63] ,  [0.0, 0] ,  [0.0, 0] ,  [0.006329676028305729, 4] ,  [0.00567631176939049, 15]  ]
L_t_LQuujj900 = [[165.48226963776716, 41425] , [0, 0] ,  [0.0, 0] ,  [0.12022790373838267, 65] ,  [0.0, 0] ,  [0.0, 0] ,  [0.06473596465479892, 6] ,  [0.011251937848712317, 10]  ]
L_t_LQuujj1000 = [[83.43772942576203, 32306] , [1, 1] ,  [0.0, 0] ,  [0.17574203077256068, 71] ,  [0.0, 0] ,  [0.0, 0] ,  [0.05827463763685374, 5] ,  [0.010063258819761995, 6]  ]
L_t_LQuujj1100 = [[45.56723543488986, 49754] , [1, 1] ,  [0.0, 0] ,  [0.4591042528602325, 72] ,  [0.0, 0] ,  [0.0, 0] ,  [0.04146203982489696, 4] ,  [0.01804057510976622, 8]  ]
L_t_LQuujj1200 = [[21.3449526895753, 47850] , [1, 1] ,  [0.0, 0] ,  [0.09942797638357675, 28] ,  [0.0, 0] ,  [0.19004281810627874, 1] ,  [-0.024969818405197443, 2] ,  [0.0053165421580057, 4]  ]
L_t_LQuujj1300 = [[11.24353053223282, 49010] , [0, 0] ,  [0.0, 0] ,  [0.05470431400140897, 17] ,  [0.0, 0] ,  [0.0, 0] ,  [0.0, 0] ,  [0.0012869376796624673, 2]  ]
L_t_LQuujj1400 = [[7.010666304296092, 58809] , [0, 0] ,  [0.0, 0] ,  [0.21584871040910655, 43] ,  [0.0, 0] ,  [0.19004281810627874, 1] ,  [-0.0009074033450962807, 2] ,  [-0.0011010385335446043, 5]  ]
L_t_LQuujj1500 = [[3.3843774197279886, 53550] , [0, 0] ,  [0.0, 0] ,  [0.02544449832854183, 18] ,  [0.0, 0] ,  [0.0, 0] ,  [0.013466069930686664, 1] ,  [0.0009939394782604422, 1]  ]
L_t_LQuujj1600 = [[1.9367625813883214, 57091] , [0, 0] ,  [0.0, 0] ,  [0.20211200882521368, 21] ,  [0.0, 0] ,  [0.0, 0] ,  [0.0, 0] ,  [-0.0015577713305546107, 3]  ]
L_t_LQuujj1700 = [[1.0234729759874768, 39296] , [0, 0] ,  [0.0, 0] ,  [0.03472775017966252, 11] ,  [0.0, 0] ,  [0.0, 0] ,  [0.0, 0] ,  [-0.0004934705471903792, 1]  ]
L_t_LQuujj1800 = [[0.5612263543482724, 55015] , [0, 0] ,  [0.0, 0] ,  [-1.8237919320854626e-05, 4] ,  [0.0, 0] ,  [0.0, 0] ,  [0.0, 0] ,  [0.0, 0]  ]
L_t_LQuujj1900 = [[0.3331107098077517, 54461] , [0, 0] ,  [0.0, 0] ,  [0.10039603022249804, 23] ,  [0.0, 0] ,  [0.0, 0] ,  [0.0, 0] ,  [-0.001272053366885245, 1]  ]
L_t_LQuujj2000 = [[0.18481587454967183, 57297] , [0, 0] ,  [0.0, 0] ,  [0.06964183173233125, 10] ,  [0.0, 0] ,  [0.0, 0] ,  [0.013466069930686664, 1] ,  [-0.00257887908978533, 1]  ]
L_t_LQuujj2100 = [[0.10208615096155821, 58531] , [0, 0] ,  [0.0, 0] ,  [0.08327576742783849, 13] ,  [0.0, 0] ,  [0.0, 0] ,  [0.0, 0] ,  [0.0, 0]  ]
L_t_LQuujj2200 = [[0.05323884035490103, 54726] , [0, 0] ,  [0.0, 0] ,  [0.03248450035629614, 3] ,  [0.0, 0] ,  [0.0, 0] ,  [0.0, 0] ,  [0.0, 0]  ]
L_t_LQuujj2300 = [[0.030403990681746512, 56491] , [0, 0] ,  [0.0, 0] ,  [0.04496122501236269, 6] ,  [0.0, 0] ,  [0.0, 0] ,  [0.0, 0] ,  [0.0, 0]  ]
L_t_LQuujj2400 = [[0.01722038486336368, 56958] , [0, 0] ,  [0.0, 0] ,  [0.017658045590420165, 7] ,  [0.0, 0] ,  [0.0, 0] ,  [0.0, 0] ,  [0.0, 0]  ]
L_t_LQuujj2500 = [[0.009917091660995652, 55747] , [0, 0] ,  [0.0, 0] ,  [0.0019259803739995517, 5] ,  [0.0, 0] ,  [0.0, 0] ,  [0.0, 0] ,  [0.0, 0]  ]
L_t_LQuujj2600 = [[0.00546129896485593, 56325] , [0, 0] ,  [0.0, 0] ,  [0.0012762687462499252, 4] ,  [0.0, 0] ,  [0.0, 0] ,  [0.0, 0] ,  [0.0, 0]  ]
L_t_LQuujj2700 = [[0.0030470031123036186, 55187] , [0, 0] ,  [0.0, 0] ,  [0.04253591278819919, 5] ,  [0.0, 0] ,  [0.0, 0] ,  [0.0, 0] ,  [0.0, 0]  ]
L_t_LQuujj2800 = [[0.00168474613411911, 54465] , [0, 0] ,  [0.0, 0] ,  [-0.003539642450721946, 4] ,  [0.0, 0] ,  [0.0, 0] ,  [0.0, 0] ,  [0.0, 0]  ]
L_t_LQuujj2900 = [[0.000926951468829334, 54100] , [0, 0] ,  [0.0, 0] ,  [-0.0007316987257835763, 3] ,  [0.0, 0] ,  [0.0, 0] ,  [0.0, 0] ,  [0.0, 0]  ]
L_t_LQuujj3000 = [[0.0005177489657093207, 52000] , [0, 0] ,  [0.0, 0] ,  [0.0027410975713962715, 3] ,  [0.0, 0] ,  [0.0, 0] ,  [0.0, 0] ,  [0.0, 0]  ]
L_t_LQuujj3500 = [[3.193532023661122e-05, 40379] , [0, 0] ,  [0.0, 0] ,  [0.031829057757877095, 3] ,  [0.0, 0] ,  [0.0, 0] ,  [0.0, 0] ,  [0.0, 0]  ]
L_t_LQuujj4000 = [[2.6411789675975223e-06, 44539] , [0, 0] ,  [0.0, 0] ,  [0.0014320556757867853, 3] ,  [0.0, 0] ,  [0.0, 0] ,  [0.0, 0] ,  [0.0, 0]  ]
