headers = ['Signal', 'Data', 'TTBar', 'ZJets', 'WJets', 'sTop', 'VV', 'TTV']
L_t_LQuujj300 = [[18365.88882346684, 6208] , [0, 0] ,  [0.6015364368922214, 4] ,  [0.7322321828972914, 62] ,  [0.0, 0] ,  [0.0, 0] ,  [-0.005743031757181623, 15] ,  [0.04219948807708581, 45]  ]
L_t_LQuujj400 = [[5384.962780322373, 8604] , [0, 0] ,  [0.1845471092380754, 1] ,  [0.8431100328090584, 50] ,  [0.0, 0] ,  [0.37821216013598846, 2] ,  [-0.012371961496214652, 3] ,  [0.017712726088396833, 19]  ]
L_t_LQuujj500 = [[3353.3039612468674, 19660] , [2, 2] ,  [0.37220714713991276, 2] ,  [0.5986287882558011, 88] ,  [0.0, 0] ,  [0.4071816349842361, 2] ,  [0.06665389524446756, 9] ,  [0.029482702276951912, 31]  ]
L_t_LQuujj600 = [[1352.8364412627197, 23431] , [0, 0] ,  [0.0, 0] ,  [0.22953111544486995, 53] ,  [0.0, 0] ,  [0.0, 0] ,  [0.046018770250674586, 6] ,  [0.029998562510417305, 18]  ]
L_t_LQuujj700 = [[697.2193199043672, 31438] , [0, 0] ,  [0.0, 0] ,  [0.24407434504866374, 65] ,  [0.0, 0] ,  [0.0, 0] ,  [-0.028035218502335063, 11] ,  [0.019169821539962446, 25]  ]
L_t_LQuujj800 = [[328.7793273875564, 36520] , [0, 0] ,  [0.0, 0] ,  [-0.040022705006893276, 67] ,  [0.0, 0] ,  [0.0, 0] ,  [-0.005536903888407168, 5] ,  [0.0029822008171312706, 14]  ]
L_t_LQuujj900 = [[164.29693381328823, 41109] , [0, 0] ,  [0.0, 0] ,  [0.12882644689531422, 67] ,  [0.0, 0] ,  [0.1841235125562405, 1] ,  [0.06375357795594087, 6] ,  [0.008701151319017263, 9]  ]
L_t_LQuujj1000 = [[82.66864968926704, 31992] , [1, 1] ,  [0.0, 0] ,  [0.1609467472742606, 74] ,  [0.0, 0] ,  [0.0, 0] ,  [0.05739030341552112, 5] ,  [0.01257803135623815, 7]  ]
L_t_LQuujj1100 = [[45.29020148775368, 49445] , [1, 1] ,  [0.0, 0] ,  [0.19127101459087054, 71] ,  [0.0, 0] ,  [0.0, 0] ,  [0.026677489837569124, 5] ,  [0.017766804244960386, 8]  ]
L_t_LQuujj1200 = [[21.033837497031246, 47153] , [1, 1] ,  [0.0, 0] ,  [0.08508742891964813, 26] ,  [0.0, 0] ,  [0.19004281810627874, 1] ,  [-0.010085285681597564, 1] ,  [0.00523586211673662, 4]  ]
L_t_LQuujj1300 = [[11.071620838066536, 48268] , [0, 0] ,  [0.0, 0] ,  [0.04501874034666329, 18] ,  [0.0, 0] ,  [0.0, 0] ,  [0.0, 0] ,  [0.0012674080338851731, 2]  ]
L_t_LQuujj1400 = [[6.9779326115289635, 58542] , [0, 0] ,  [0.0, 0] ,  [0.18368901820974046, 44] ,  [0.0, 0] ,  [0.19004281810627874, 1] ,  [-0.0008936332409281381, 2] ,  [-0.0003243219129000373, 7]  ]
L_t_LQuujj1500 = [[3.352203048773019, 53043] , [0, 0] ,  [0.0, 0] ,  [0.025886212929587513, 18] ,  [0.0, 0] ,  [0.19004281810627874, 1] ,  [0.0132617184846807, 1] ,  [0.0009788561636281548, 1]  ]
L_t_LQuujj1600 = [[1.923798887167353, 56705] , [0, 0] ,  [0.0, 0] ,  [0.03628663118593359, 21] ,  [0.0, 0] ,  [0.0, 0] ,  [0.0, 0] ,  [-0.0010481497158898129, 2]  ]
L_t_LQuujj1700 = [[1.0162172143284454, 39025] , [0, 0] ,  [0.0, 0] ,  [0.030393959289903974, 11] ,  [0.0, 0] ,  [0.0, 0] ,  [0.0, 0] ,  [-0.00048598199110840695, 1]  ]
L_t_LQuujj1800 = [[0.5559238225818268, 54533] , [0, 0] ,  [0.0, 0] ,  [7.374072901594232e-05, 4] ,  [0.0, 0] ,  [0.0, 0] ,  [0.0, 0] ,  [0.0, 0]  ]
L_t_LQuujj1900 = [[0.3323866488070755, 54347] , [0, 0] ,  [0.0, 0] ,  [0.08467673735321721, 25] ,  [0.0, 0] ,  [0.0, 0] ,  [0.0, 0] ,  [-0.0012527495947930339, 1]  ]
L_t_LQuujj2000 = [[0.18424136858839532, 57126] , [0, 0] ,  [0.0, 0] ,  [0.061181281212723364, 10] ,  [0.0, 0] ,  [0.0, 0] ,  [0.0132617184846807, 1] ,  [-0.0025397438651960647, 1]  ]
L_t_LQuujj2100 = [[0.10187033555531089, 58406] , [0, 0] ,  [0.0, 0] ,  [0.07009442825563159, 12] ,  [0.0, 0] ,  [0.0, 0] ,  [0.0, 0] ,  [0.0, 0]  ]
L_t_LQuujj2200 = [[0.0529656374404059, 54472] , [0, 0] ,  [0.0, 0] ,  [0.02887768170979324, 3] ,  [0.0, 0] ,  [0.0, 0] ,  [0.0, 0] ,  [0.0, 0]  ]
L_t_LQuujj2300 = [[0.030335384588454688, 56368] , [0, 0] ,  [0.0, 0] ,  [0.03814387386498737, 6] ,  [0.0, 0] ,  [0.0, 0] ,  [0.0, 0] ,  [0.0, 0]  ]
L_t_LQuujj2400 = [[0.0172023290636424, 56900] , [0, 0] ,  [0.0, 0] ,  [0.011226379642264743, 6] ,  [0.0, 0] ,  [0.0, 0] ,  [0.0, 0] ,  [0.0, 0]  ]
L_t_LQuujj2500 = [[0.0099115798379247, 55721] , [0, 0] ,  [0.0, 0] ,  [-0.0011704139155725188, 4] ,  [0.0, 0] ,  [0.0, 0] ,  [0.0, 0] ,  [0.0, 0]  ]
L_t_LQuujj2600 = [[0.005456040095100594, 56276] , [0, 0] ,  [0.0, 0] ,  [0.001097137155219027, 4] ,  [0.0, 0] ,  [0.0, 0] ,  [0.0, 0] ,  [0.0, 0]  ]
L_t_LQuujj2700 = [[0.003045270815058461, 55155] , [0, 0] ,  [0.0, 0] ,  [0.040506669204847995, 7] ,  [0.0, 0] ,  [0.0, 0] ,  [0.0, 0] ,  [0.0, 0]  ]
L_t_LQuujj2800 = [[0.0016832081216449691, 54419] , [0, 0] ,  [0.0, 0] ,  [-0.0030296772010931492, 4] ,  [0.0, 0] ,  [0.0, 0] ,  [0.0, 0] ,  [0.0, 0]  ]
L_t_LQuujj2900 = [[0.0009263150497776679, 54060] , [0, 0] ,  [0.0, 0] ,  [-0.0006311794160076705, 3] ,  [0.0, 0] ,  [0.0, 0] ,  [0.0, 0] ,  [0.0, 0]  ]
L_t_LQuujj3000 = [[0.0005171732258896989, 51948] , [0, 0] ,  [0.0, 0] ,  [0.002430826330572294, 3] ,  [0.0, 0] ,  [0.0, 0] ,  [0.0, 0] ,  [0.0, 0]  ]
L_t_LQuujj3500 = [[3.192421995186933e-05, 40368] , [0, 0] ,  [0.0, 0] ,  [0.028208589464182882, 3] ,  [0.0, 0] ,  [0.0, 0] ,  [0.0, 0] ,  [0.0, 0]  ]
L_t_LQuujj4000 = [[2.640852066704068e-06, 44536] , [0, 0] ,  [0.0, 0] ,  [0.0010049143973058037, 3] ,  [0.0, 0] ,  [0.0, 0] ,  [0.0, 0] ,  [0.0, 0]  ]
