headers = ['Signal', 'Data', 'TTBar', 'ZJets', 'WJets', 'sTop', 'VV', 'TTV']
L_t_LQuujj300 = [[18810.620915056898, 6348] , [0, 0] ,  [0.1260592151040124, 1] ,  [0.6863305693370647, 60] ,  [0.0, 0] ,  [0.0, 0] ,  [0.24147026651270362, 17] ,  [0.0422743082619679, 48]  ]
L_t_LQuujj400 = [[5499.792369720647, 8786] , [0, 0] ,  [0.0, 0] ,  [0.7939810913260361, 50] ,  [0.0, 0] ,  [0.37821216013598846, 2] ,  [-0.013403314399832991, 3] ,  [0.012450577451625935, 17]  ]
L_t_LQuujj500 = [[3403.740678381247, 19990] , [2, 2] ,  [0.5854859650577814, 3] ,  [0.7194037697918865, 84] ,  [0.0, 0] ,  [0.40710019865723923, 2] ,  [0.053646010963779744, 8] ,  [0.02533761483611876, 30]  ]
L_t_LQuujj600 = [[1379.3691901888924, 23902] , [0, 0] ,  [0.0, 0] ,  [0.21767330593237358, 50] ,  [0.0, 0] ,  [0.0, 0] ,  [0.04613454883451273, 5] ,  [0.018172965698429328, 16]  ]
L_t_LQuujj700 = [[706.5408815325115, 31890] , [0, 0] ,  [0.0, 0] ,  [0.2833641447206404, 67] ,  [0.0, 0] ,  [0.0, 0] ,  [-0.01304620279366735, 12] ,  [0.0205072872432584, 26]  ]
L_t_LQuujj800 = [[332.8290197465965, 36991] , [0, 0] ,  [0.0, 0] ,  [-0.044108117441448616, 63] ,  [0.0, 0] ,  [0.0, 0] ,  [0.00631514506917487, 4] ,  [0.005663280730524341, 15]  ]
L_t_LQuujj900 = [[165.2837786016015, 41425] , [0, 0] ,  [0.0, 0] ,  [0.10265936233266404, 65] ,  [0.0, 0] ,  [0.0, 0] ,  [0.06458089236466744, 6] ,  [0.011224984303184398, 10]  ]
L_t_LQuujj1000 = [[83.24597695005959, 32306] , [1, 1] ,  [0.0, 0] ,  [0.15008909050881342, 71] ,  [0.0, 0] ,  [0.0, 0] ,  [0.05807690814159094, 5] ,  [0.010029113552321119, 6]  ]
L_t_LQuujj1100 = [[45.439783803650435, 49754] , [1, 1] ,  [0.0, 0] ,  [0.3986832076555354, 72] ,  [0.0, 0] ,  [0.0, 0] ,  [0.0412469780852426, 4] ,  [0.01794699945637683, 8]  ]
L_t_LQuujj1200 = [[21.257579996316487, 47850] , [1, 1] ,  [0.0, 0] ,  [0.08577841326344214, 28] ,  [0.0, 0] ,  [0.18892417548133517, 1] ,  [-0.024803040626212015, 2] ,  [0.00528103204421128, 4]  ]
L_t_LQuujj1300 = [[11.184069644095914, 49010] , [0, 0] ,  [0.0, 0] ,  [0.04615446239382013, 17] ,  [0.0, 0] ,  [0.0, 0] ,  [0.0, 0] ,  [0.0012762966508941356, 2]  ]
L_t_LQuujj1400 = [[6.962432976551389, 58809] , [0, 0] ,  [0.0, 0] ,  [0.1831758336542113, 43] ,  [0.0, 0] ,  [0.18769764950638437, 1] ,  [-0.0008954909790137543, 2] ,  [-0.0010865841300498052, 5]  ]
L_t_LQuujj1500 = [[3.3550429630447924, 53550] , [0, 0] ,  [0.0, 0] ,  [0.021773565270840962, 18] ,  [0.0, 0] ,  [0.0, 0] ,  [0.013238788442714212, 1] ,  [0.0009771636821494477, 1]  ]
L_t_LQuujj1600 = [[1.9170955193858146, 57091] , [0, 0] ,  [0.0, 0] ,  [0.16862816013983445, 21] ,  [0.0, 0] ,  [0.0, 0] ,  [0.0, 0] ,  [-0.0015127950864749972, 3]  ]
L_t_LQuujj1700 = [[1.011965622585794, 39296] , [0, 0] ,  [0.0, 0] ,  [0.029688407774175488, 11] ,  [0.0, 0] ,  [0.0, 0] ,  [0.0, 0] ,  [-0.00047888752386434296, 1]  ]
L_t_LQuujj1800 = [[0.5540838671162583, 55015] , [0, 0] ,  [0.0, 0] ,  [8.38272932114064e-05, 4] ,  [0.0, 0] ,  [0.0, 0] ,  [0.0, 0] ,  [0.0, 0]  ]
L_t_LQuujj1900 = [[0.32857536838052903, 54461] , [0, 0] ,  [0.0, 0] ,  [0.0790847934107072, 23] ,  [0.0, 0] ,  [0.0, 0] ,  [0.0, 0] ,  [-0.001141793443516074, 1]  ]
L_t_LQuujj2000 = [[0.18213551509078252, 57297] , [0, 0] ,  [0.0, 0] ,  [0.053478796613142233, 10] ,  [0.0, 0] ,  [0.0, 0] ,  [0.011691877764958027, 1] ,  [-0.002239104597226667, 1]  ]
L_t_LQuujj2100 = [[0.10057542773423184, 58531] , [0, 0] ,  [0.0, 0] ,  [0.06175858985983466, 13] ,  [0.0, 0] ,  [0.0, 0] ,  [0.0, 0] ,  [0.0, 0]  ]
L_t_LQuujj2200 = [[0.05240377880010574, 54726] , [0, 0] ,  [0.0, 0] ,  [0.024049051501996044, 3] ,  [0.0, 0] ,  [0.0, 0] ,  [0.0, 0] ,  [0.0, 0]  ]
L_t_LQuujj2300 = [[0.02989717108249141, 56491] , [0, 0] ,  [0.0, 0] ,  [0.031089619722844887, 6] ,  [0.0, 0] ,  [0.0, 0] ,  [0.0, 0] ,  [0.0, 0]  ]
L_t_LQuujj2400 = [[0.016902849508138192, 56958] , [0, 0] ,  [0.0, 0] ,  [0.010926972074512362, 7] ,  [0.0, 0] ,  [0.0, 0] ,  [0.0, 0] ,  [0.0, 0]  ]
L_t_LQuujj2500 = [[0.009711836691398475, 55747] , [0, 0] ,  [0.0, 0] ,  [0.0012194838768442829, 5] ,  [0.0, 0] ,  [0.0, 0] ,  [0.0, 0] ,  [0.0, 0]  ]
L_t_LQuujj2600 = [[0.005333825633547097, 56325] , [0, 0] ,  [0.0, 0] ,  [0.0007935017711062501, 4] ,  [0.0, 0] ,  [0.0, 0] ,  [0.0, 0] ,  [0.0, 0]  ]
L_t_LQuujj2700 = [[0.002967847487435717, 55187] , [0, 0] ,  [0.0, 0] ,  [0.025569422425173984, 5] ,  [0.0, 0] ,  [0.0, 0] ,  [0.0, 0] ,  [0.0, 0]  ]
L_t_LQuujj2800 = [[0.0016347437574289621, 54465] , [0, 0] ,  [0.0, 0] ,  [-0.002132969178390203, 4] ,  [0.0, 0] ,  [0.0, 0] ,  [0.0, 0] ,  [0.0, 0]  ]
L_t_LQuujj2900 = [[0.0008967417180130809, 54100] , [0, 0] ,  [0.0, 0] ,  [-0.0004303075247939724, 3] ,  [0.0, 0] ,  [0.0, 0] ,  [0.0, 0] ,  [0.0, 0]  ]
L_t_LQuujj3000 = [[0.0004988217133911655, 52000] , [0, 0] ,  [0.0, 0] ,  [0.001650241205270305, 3] ,  [0.0, 0] ,  [0.0, 0] ,  [0.0, 0] ,  [0.0, 0]  ]
L_t_LQuujj3500 = [[3.0644795227664636e-05, 40379] , [0, 0] ,  [0.0, 0] ,  [0.010188040357998635, 3] ,  [0.0, 0] ,  [0.0, 0] ,  [0.0, 0] ,  [0.0, 0]  ]
L_t_LQuujj4000 = [[2.5222820300351567e-06, 44539] , [0, 0] ,  [0.0, 0] ,  [0.00014253455117352196, 3] ,  [0.0, 0] ,  [0.0, 0] ,  [0.0, 0] ,  [0.0, 0]  ]
