headers = ['Signal', 'Data', 'TTBar', 'ZJets', 'WJets', 'sTop', 'VV', 'TTV']
L_t_LQuujj300 = [[32134.084752915292, 3325] , [0, 0] ,  [1.0966521732139365, 13] ,  [1.3823704974827198, 46] ,  [0.0, 0] ,  [0.1716948572949131, 1] ,  [0.21603154073721748, 20] ,  [0.12123265513081015, 50]  ]
L_t_LQuujj400 = [[8813.63345406513, 4265] , [1, 1] ,  [0.1385926582326801, 3] ,  [0.12288673332281355, 28] ,  [0.0, 0] ,  [0.0, 0] ,  [-0.011607343465316711, 7] ,  [0.02177944030102076, 19]  ]
L_t_LQuujj500 = [[5648.180802895411, 9914] , [2, 2] ,  [0.21629012105968037, 3] ,  [-0.24421331894561463, 59] ,  [0.0, 0] ,  [0.33412384725877375, 1] ,  [0.07096472482771703, 16] ,  [0.11843988771401724, 41]  ]
L_t_LQuujj600 = [[2254.489215161219, 11701] , [3, 3] ,  [0.21087957265987403, 3] ,  [-0.01421001447205858, 39] ,  [0.0, 0] ,  [0.0, 0] ,  [0.08310621240797904, 9] ,  [0.05733301395249664, 27]  ]
L_t_LQuujj700 = [[1160.8807088255578, 15998] , [1, 1] ,  [0.2448361099840274, 4] ,  [0.3932986503660667, 65] ,  [0.0, 0] ,  [0.0, 0] ,  [-1.682193015170065e-05, 4] ,  [0.012752476321789781, 20]  ]
L_t_LQuujj800 = [[564.8724692481593, 18794] , [0, 0] ,  [0.10666747535303173, 2] ,  [0.12049046678809527, 60] ,  [0.0, 0] ,  [0.0, 0] ,  [0.06872008111530184, 8] ,  [0.003467032046571025, 13]  ]
L_t_LQuujj900 = [[281.59250971072447, 21204] , [0, 0] ,  [0.0, 0] ,  [0.31033308554117744, 65] ,  [0.0, 0] ,  [0.0, 0] ,  [0.052956142025028144, 5] ,  [0.029089324817885828, 14]  ]
L_t_LQuujj1000 = [[143.67491356154605, 23371] , [0, 0] ,  [0.06869410462684256, 1] ,  [-0.05987244283286096, 63] ,  [0.0, 0] ,  [0.0, 0] ,  [0.0, 0] ,  [0.015050148464233583, 13]  ]
L_t_LQuujj1100 = [[78.13385958789644, 25956] , [0, 0] ,  [0.07589063707377548, 1] ,  [0.21406565586372728, 59] ,  [0.0, 0] ,  [0.0, 0] ,  [0.06272885488589244, 3] ,  [0.036626897781660714, 15]  ]
L_t_LQuujj1200 = [[36.96554582997691, 24651] , [0, 0] ,  [0.07589063707377548, 1] ,  [-0.22026021897916467, 33] ,  [0.0, 0] ,  [0.0, 0] ,  [0.005592535311401969, 1] ,  [0.014675202280701164, 4]  ]
L_t_LQuujj1300 = [[19.516363578432053, 25147] , [0, 0] ,  [0.0, 0] ,  [0.032883342717121525, 21] ,  [0.0, 0] ,  [0.0, 0] ,  [0.0, 0] ,  [0.0, 0]  ]
L_t_LQuujj1400 = [[12.39969317654814, 30506] , [0, 0] ,  [0.0, 0] ,  [0.4161097936033177, 46] ,  [0.0, 0] ,  [0.0, 0] ,  [0.025439305820553478, 1] ,  [0.012810824916173613, 6]  ]
L_t_LQuujj1500 = [[6.033213285651008, 27766] , [0, 0] ,  [0.0, 0] ,  [-0.007503924072447497, 9] ,  [0.0, 0] ,  [0.0, 0] ,  [0.01783413624953243, 1] ,  [0.004867650784214458, 2]  ]
L_t_LQuujj1600 = [[3.4761713005075814, 29583] , [0, 0] ,  [0.0, 0] ,  [0.030435546601437775, 14] ,  [0.0, 0] ,  [0.0, 0] ,  [0.0, 0] ,  [0.0, 0]  ]
L_t_LQuujj1700 = [[1.8694801777183285, 28714] , [0, 0] ,  [0.0, 0] ,  [0.03442409524016515, 7] ,  [0.0, 0] ,  [0.0, 0] ,  [0.0, 0] ,  [0.0, 0]  ]
L_t_LQuujj1800 = [[1.0286189474428933, 28378] , [0, 0] ,  [0.0, 0] ,  [0.0035861966512674877, 3] ,  [0.0, 0] ,  [0.0, 0] ,  [0.0, 0] ,  [0.0, 0]  ]
L_t_LQuujj1900 = [[0.6286269779186424, 31280] , [0, 0] ,  [0.10461035405902107, 1] ,  [-0.026780050375918497, 9] ,  [0.0, 0] ,  [0.0, 0] ,  [0.01783413624953243, 1] ,  [0.015256559133306941, 2]  ]
L_t_LQuujj2000 = [[0.3529136708422547, 30746] , [0, 0] ,  [0.0, 0] ,  [-0.03775010805280207, 5] ,  [0.0, 0] ,  [0.0, 0] ,  [0.0, 0] ,  [0.0, 0]  ]
L_t_LQuujj2100 = [[0.1971238848156844, 30585] , [0, 0] ,  [0.0, 0] ,  [-0.02494380086389554, 8] ,  [0.0, 0] ,  [0.0, 0] ,  [0.0, 0] ,  [0.0, 0]  ]
L_t_LQuujj2200 = [[0.10474152845274406, 29047] , [0, 0] ,  [0.0, 0] ,  [-0.001303931311169521, 2] ,  [0.0, 0] ,  [0.0, 0] ,  [0.01783413624953243, 1] ,  [0.0, 0]  ]
L_t_LQuujj2300 = [[0.060084222385548405, 29491] , [0, 0] ,  [0.0, 0] ,  [-0.0037637287229695176, 3] ,  [0.0, 0] ,  [0.0, 0] ,  [0.0, 0] ,  [0.0, 0]  ]
L_t_LQuujj2400 = [[0.03478997058568004, 29930] , [0, 0] ,  [0.0, 0] ,  [-0.03226011035134195, 5] ,  [0.0, 0] ,  [0.0, 0] ,  [0.01783413624953243, 1] ,  [0.0, 0]  ]
L_t_LQuujj2500 = [[0.020264540987823144, 30076] , [0, 0] ,  [0.0, 0] ,  [-0.032195282620914256, 6] ,  [0.0, 0] ,  [0.0, 0] ,  [0.0, 0] ,  [-0.0070360159895064295, 1]  ]
L_t_LQuujj2600 = [[0.011401731610301282, 30034] , [0, 0] ,  [0.0, 0] ,  [-0.010835456853669833, 3] ,  [0.0, 0] ,  [0.0, 0] ,  [0.01783413624953243, 1] ,  [0.0, 0]  ]
L_t_LQuujj2700 = [[0.006444843657696023, 29509] , [0, 0] ,  [0.0, 0] ,  [-0.006063431478690085, 4] ,  [0.0, 0] ,  [0.0, 0] ,  [0.024122354363100743, 2] ,  [0.0, 0]  ]
L_t_LQuujj2800 = [[0.0035971147575771223, 29304] , [0, 0] ,  [0.0, 0] ,  [-0.03226011035134195, 5] ,  [0.0, 0] ,  [0.0, 0] ,  [0.006288218113568313, 1] ,  [0.0, 0]  ]
L_t_LQuujj2900 = [[0.0019966926792309467, 28555] , [0, 0] ,  [0.0, 0] ,  [-0.003060667640482087, 3] ,  [0.0, 0] ,  [0.0, 0] ,  [0.01783413624953243, 1] ,  [0.0, 0]  ]
L_t_LQuujj3000 = [[0.0011288648463995388, 27972] , [0, 0] ,  [0.0, 0] ,  [-0.0027856775690382374, 2] ,  [0.0, 0] ,  [0.0, 0] ,  [0.0, 0] ,  [0.0, 0]  ]
L_t_LQuujj3500 = [[7.327708067354544e-05, 26232] , [0, 0] ,  [0.0, 0] ,  [-0.006606397905098087, 4] ,  [0.0, 0] ,  [0.0, 0] ,  [0.024122354363100743, 2] ,  [0.0, 0]  ]
L_t_LQuujj4000 = [[6.376821226139778e-06, 24151] , [0, 0] ,  [0.0, 0] ,  [0.0017692615367717506, 2] ,  [0.0, 0] ,  [0.0, 0] ,  [0.006288218113568313, 1] ,  [0.0, 0]  ]
