headers = ['Signal', 'Data', 'TTBar', 'ZJets', 'WJets', 'sTop', 'VV', 'TTV']
L_t_LQuujj300 = [[32436.08869917681, 3358] , [0, 0] ,  [0.955537601079346, 11] ,  [1.502868916317986, 41] ,  [0.0, 0] ,  [0.46381412789689636, 2] ,  [0.39278259939351357, 20] ,  [0.11027758897878549, 50]  ]
L_t_LQuujj400 = [[8859.746412896446, 4286] , [1, 1] ,  [0.1470082621134017, 3] ,  [0.0036185547679776966, 29] ,  [0.0, 0] ,  [0.0, 0] ,  [-0.025649539959234684, 11] ,  [0.0214626396246037, 18]  ]
L_t_LQuujj500 = [[5692.011070775782, 9996] , [2, 2] ,  [0.289623836381564, 5] ,  [-0.227347702465268, 53] ,  [0.0, 0] ,  [0.33412384725877375, 1] ,  [0.09938738661729145, 16] ,  [0.10836233695381423, 39]  ]
L_t_LQuujj600 = [[2287.843017001007, 11890] , [3, 3] ,  [0.22818561319441838, 3] ,  [-0.02551056316840288, 35] ,  [0.0, 0] ,  [0.0, 0] ,  [0.08311307475089766, 9] ,  [0.06623264304017676, 30]  ]
L_t_LQuujj700 = [[1169.573276711614, 16125] , [1, 1] ,  [0.2446555829727452, 3] ,  [0.3022221589895479, 62] ,  [0.0, 0] ,  [0.0, 0] ,  [0.013359452661173108, 5] ,  [0.017012777800774297, 21]  ]
L_t_LQuujj800 = [[568.7846646341164, 18909] , [0, 0] ,  [0.24730358304675468, 3] ,  [0.1273005827808909, 60] ,  [0.0, 0] ,  [0.0, 0] ,  [0.08485767984493285, 9] ,  [-0.007839870865388652, 13]  ]
L_t_LQuujj900 = [[282.0611258218682, 21236] , [0, 0] ,  [0.0, 0] ,  [0.3381509105549432, 68] ,  [0.0, 0] ,  [0.0, 0] ,  [0.04348335703703941, 6] ,  [0.026016660401919085, 13]  ]
L_t_LQuujj1000 = [[143.7182327609271, 23382] , [0, 0] ,  [0.07747800022740171, 1] ,  [-0.07501899335702604, 61] ,  [0.0, 0] ,  [0.0, 0] ,  [0.005592997104738225, 1] ,  [0.006981382477530754, 13]  ]
L_t_LQuujj1100 = [[78.2147411131934, 25983] , [0, 0] ,  [0.09383328357106789, 1] ,  [0.1753688112557617, 58] ,  [0.0, 0] ,  [0.0, 0] ,  [0.06273403460592357, 3] ,  [0.021672227826933156, 13]  ]
L_t_LQuujj1200 = [[37.272003132123984, 24843] , [0, 0] ,  [0.0, 0] ,  [-0.21785786786485503, 33] ,  [0.0, 0] ,  [0.0, 0] ,  [0.005592997104738225, 1] ,  [0.014676414058587953, 4]  ]
L_t_LQuujj1300 = [[19.64131068582777, 25321] , [0, 0] ,  [0.0, 0] ,  [0.028560323387551254, 20] ,  [0.0, 0] ,  [0.0, 0] ,  [0.0, 0] ,  [0.0, 0]  ]
L_t_LQuujj1400 = [[12.418697040057614, 30556] , [0, 0] ,  [0.0, 0] ,  [0.1764333754651877, 46] ,  [0.0, 0] ,  [0.0, 0] ,  [0.025441406424528735, 1] ,  [0.02131152353094627, 7]  ]
L_t_LQuujj1500 = [[6.053710084952133, 27879] , [0, 0] ,  [0.0, 0] ,  [-0.005660945622981297, 10] ,  [0.0, 0] ,  [0.0, 0] ,  [0.017835608870592348, 1] ,  [0.0026335893969014167, 1]  ]
L_t_LQuujj1600 = [[3.486099565868734, 29675] , [0, 0] ,  [0.0, 0] ,  [0.0020046805609160207, 14] ,  [0.0, 0] ,  [0.0, 0] ,  [0.0, 0] ,  [0.0, 0]  ]
L_t_LQuujj1700 = [[1.8780136032026133, 28863] , [0, 0] ,  [0.0, 0] ,  [0.03747164286596736, 8] ,  [0.0, 0] ,  [0.0, 0] ,  [0.0, 0] ,  [0.0, 0]  ]
L_t_LQuujj1800 = [[1.033609441250628, 28538] , [0, 0] ,  [0.0, 0] ,  [-0.03086035800269878, 5] ,  [0.0, 0] ,  [0.0, 0] ,  [0.0, 0] ,  [0.0, 0]  ]
L_t_LQuujj1900 = [[0.6293872849995654, 31318] , [0, 0] ,  [0.11297306404313716, 1] ,  [-0.024731253239969928, 8] ,  [0.0, 0] ,  [0.0, 0] ,  [0.017835608870592348, 1] ,  [0.015257818915668544, 2]  ]
L_t_LQuujj2000 = [[0.353403585061371, 30792] , [0, 0] ,  [0.0, 0] ,  [-0.04004546764894736, 3] ,  [0.0, 0] ,  [0.0, 0] ,  [0.0, 0] ,  [0.0, 0]  ]
L_t_LQuujj2100 = [[0.19726794389328633, 30607] , [0, 0] ,  [0.0, 0] ,  [-0.025079659603530712, 8] ,  [0.0, 0] ,  [0.0, 0] ,  [0.0, 0] ,  [0.0, 0]  ]
L_t_LQuujj2200 = [[0.10510643661568744, 29150] , [0, 0] ,  [0.0, 0] ,  [-0.03276894584875986, 3] ,  [0.0, 0] ,  [0.0, 0] ,  [0.017835608870592348, 1] ,  [0.0, 0]  ]
L_t_LQuujj2300 = [[0.06021542097590919, 29561] , [0, 0] ,  [0.0, 0] ,  [-0.035250991355535895, 4] ,  [0.0, 0] ,  [0.0, 0] ,  [0.0, 0] ,  [0.0, 0]  ]
L_t_LQuujj2400 = [[0.03483927899280657, 29969] , [0, 0] ,  [0.0, 0] ,  [-0.032483818301305104, 5] ,  [0.0, 0] ,  [0.0, 0] ,  [0.017835608870592348, 1] ,  [0.0, 0]  ]
L_t_LQuujj2500 = [[0.02027001643830892, 30082] , [0, 0] ,  [0.0, 0] ,  [-0.032869045846188154, 6] ,  [0.0, 0] ,  [0.0, 0] ,  [0.0, 0] ,  [-0.007036596975609658, 1]  ]
L_t_LQuujj2600 = [[0.011404406160373933, 30045] , [0, 0] ,  [0.0, 0] ,  [-0.03547491111704101, 6] ,  [0.0, 0] ,  [0.0, 0] ,  [0.017835608870592348, 1] ,  [0.0, 0]  ]
L_t_LQuujj2700 = [[0.00644721399945474, 29523] , [0, 0] ,  [0.0, 0] ,  [-0.03476518613951297, 6] ,  [0.0, 0] ,  [0.0, 0] ,  [0.02412434622222713, 2] ,  [0.0, 0]  ]
L_t_LQuujj2800 = [[0.003597885749086818, 29313] , [0, 0] ,  [0.0, 0] ,  [-0.032483818301305104, 5] ,  [0.0, 0] ,  [0.0, 0] ,  [0.006288737351634784, 1] ,  [0.0, 0]  ]
L_t_LQuujj2900 = [[0.0019970041322763575, 28558] , [0, 0] ,  [0.0, 0] ,  [-0.04019744474571782, 5] ,  [0.0, 0] ,  [0.0, 0] ,  [0.017835608870592348, 1] ,  [0.0, 0]  ]
L_t_LQuujj3000 = [[0.0011288997955388336, 27972] , [0, 0] ,  [0.0, 0] ,  [-0.03426140367194721, 3] ,  [0.0, 0] ,  [0.0, 0] ,  [0.0, 0] ,  [0.0, 0]  ]
L_t_LQuujj3500 = [[7.326375777552936e-05, 26227] , [0, 0] ,  [0.0, 0] ,  [-0.006597649168545154, 4] ,  [0.0, 0] ,  [0.0, 0] ,  [0.006288737351634784, 1] ,  [0.0, 0]  ]
L_t_LQuujj4000 = [[6.377575514160094e-06, 24154] , [0, 0] ,  [0.0, 0] ,  [-0.02969197007054983, 3] ,  [0.0, 0] ,  [0.0, 0] ,  [0.006288737351634784, 1] ,  [0.0, 0]  ]
