headers = ['Signal', 'Data', 'TTBar', 'ZJets', 'WJets', 'sTop', 'VV', 'TTV']
L_t_LQuujj300 = [[22628.347088583778, 6477] , [5, 5] ,  [0.6043271513032709, 12] ,  [1.497884511786277, 53] ,  [0.0, 0] ,  [0.25731801238196006, 2] ,  [-0.010851475157899165, 15] ,  [0.02665774239426764, 29]  ]
L_t_LQuujj400 = [[6415.2782928987335, 8566] , [0, 0] ,  [0.0954271365013067, 2] ,  [0.05101347961752773, 29] ,  [0.0, 0] ,  [0.0, 0] ,  [0.014179876456473478, 9] ,  [0.03662773928467978, 18]  ]
L_t_LQuujj500 = [[4135.612151127309, 19963] , [2, 2] ,  [0.2647682096124417, 7] ,  [1.6436496496427206, 71] ,  [0.0, 0] ,  [0.410981361103896, 2] ,  [0.09871338043746022, 12] ,  [0.05031758249698067, 27]  ]
L_t_LQuujj600 = [[1669.1528607833784, 23951] , [1, 1] ,  [0.07048646400350621, 2] ,  [0.5327505099317421, 45] ,  [0.0, 0] ,  [0.0, 0] ,  [-0.021068459217545674, 4] ,  [0.012692802959485928, 20]  ]
L_t_LQuujj700 = [[855.144473668599, 32610] , [0, 0] ,  [0.056793973540830635, 1] ,  [0.5816546231666097, 104] ,  [0.0, 0] ,  [0.004886546991497133, 1] ,  [0.02677650059446276, 5] ,  [-2.0346962090240887e-05, 13]  ]
L_t_LQuujj800 = [[405.9367325877724, 37649] , [1, 1] ,  [0.058827272761571854, 1] ,  [0.33686285897971263, 111] ,  [0.0, 0] ,  [0.0, 0] ,  [0.06642824744024867, 5] ,  [0.04510110079971825, 21]  ]
L_t_LQuujj900 = [[200.64845387259723, 42118] , [0, 0] ,  [0.0, 0] ,  [-0.06896890275461003, 115] ,  [0.0, 0] ,  [0.0, 0] ,  [0.03693042034723659, 3] ,  [0.012758704812301777, 10]  ]
L_t_LQuujj1000 = [[103.41563761949308, 46522] , [1, 1] ,  [0.0, 0] ,  [0.1868438700238067, 98] ,  [0.0, 0] ,  [0.0, 0] ,  [0.03705877477181229, 3] ,  [0.006736178683452556, 7]  ]
L_t_LQuujj1100 = [[56.18036524879422, 51332] , [0, 0] ,  [0.0, 0] ,  [0.16484247613848674, 95] ,  [0.0, 0] ,  [0.0, 0] ,  [0.02160864252075444, 3] ,  [0.014482170255233597, 8]  ]
L_t_LQuujj1200 = [[26.697888904266872, 24655] , [0, 0] ,  [0.0, 0] ,  [-0.01389317866839184, 39] ,  [0.0, 0] ,  [0.0, 0] ,  [0.07004750282772608, 2] ,  [0.011380245364215676, 5]  ]
L_t_LQuujj1300 = [[14.034889339200047, 25168] , [1, 1] ,  [0.0, 0] ,  [-0.03068331427808937, 28] ,  [0.0, 0] ,  [0.0, 0] ,  [0.027072814947753102, 1] ,  [0.0029720560402816247, 5]  ]
L_t_LQuujj1400 = [[9.268141741059468, 60291] , [1, 1] ,  [0.0, 0] ,  [0.0753737536084722, 75] ,  [0.0, 0] ,  [0.0, 0] ,  [0.16293324333834333, 3] ,  [0.010884736355868814, 8]  ]
L_t_LQuujj1500 = [[4.628717035073753, 54962] , [0, 0] ,  [0.0, 0] ,  [0.06622258116068412, 36] ,  [0.0, 0] ,  [0.0, 0] ,  [9.684126740061184e-05, 1] ,  [0.011364189137966227, 4]  ]
L_t_LQuujj1600 = [[2.7540845766681956, 58305] , [1, 1] ,  [0.0, 0] ,  [0.024970082410909037, 29] ,  [0.0, 0] ,  [0.0, 0] ,  [0.027917081552732037, 2] ,  [0.007362209189090288, 3]  ]
L_t_LQuujj1700 = [[1.4946934193959243, 56018] , [0, 0] ,  [0.0, 0] ,  [0.026488904298235187, 25] ,  [0.0, 0] ,  [0.0, 0] ,  [9.78918226253302e-05, 1] ,  [0.007362209189090288, 3]  ]
L_t_LQuujj1800 = [[0.8759214264327555, 56319] , [0, 0] ,  [0.0, 0] ,  [0.0355168569144674, 19] ,  [0.0, 0] ,  [0.0, 0] ,  [0.0, 0] ,  [0.0037373135443959904, 2]  ]
L_t_LQuujj1900 = [[0.5527384334435849, 61463] , [0, 0] ,  [0.0, 0] ,  [0.021607728961368908, 39] ,  [0.0, 0] ,  [0.0, 0] ,  [0.028043636922882677, 2] ,  [0.011364189137966227, 4]  ]
L_t_LQuujj2000 = [[0.3224058143165049, 60437] , [0, 0] ,  [0.0, 0] ,  [0.039697922648993404, 29] ,  [0.0, 0] ,  [0.0, 0] ,  [9.833559164264917e-05, 1] ,  [0.011364189137966227, 4]  ]
L_t_LQuujj2100 = [[0.18814555247207942, 60169] , [1, 1] ,  [0.0, 0] ,  [0.004959958144705189, 25] ,  [0.0, 0] ,  [0.0, 0] ,  [9.833559164264917e-05, 1] ,  [0.0034135042130310368, 2]  ]
L_t_LQuujj2200 = [[0.10265245189187472, 55385] , [0, 0] ,  [0.0, 0] ,  [-0.004285981116769131, 6] ,  [0.0, 0] ,  [0.0, 0] ,  [0.0, 0] ,  [-0.00021139143166326103, 1]  ]
L_t_LQuujj2300 = [[0.053693781033075254, 28756] , [0, 0] ,  [0.0, 0] ,  [0.0036931092514903645, 2] ,  [0.0, 0] ,  [0.0, 0] ,  [9.833559164264917e-05, 1] ,  [0.0037949267464125625, 2]  ]
L_t_LQuujj2400 = [[0.03690436674032255, 58494] , [0, 0] ,  [0.0, 0] ,  [0.015198359447913676, 14] ,  [0.0, 0] ,  [0.0, 0] ,  [0.0, 0] ,  [0.00785859990794565, 3]  ]
L_t_LQuujj2500 = [[0.02213379007460718, 58617] , [1, 1] ,  [0.0, 0] ,  [0.01932869606684697, 20] ,  [0.0, 0] ,  [0.0, 0] ,  [0.0, 0] ,  [-0.0005586500090113715, 3]  ]
L_t_LQuujj2600 = [[0.012717784979573224, 57766] , [0, 0] ,  [0.0, 0] ,  [-0.0040036798604445225, 14] ,  [0.0, 0] ,  [0.0, 0] ,  [0.0, 0] ,  [0.0035775378197631692, 4]  ]
L_t_LQuujj2700 = [[0.006361685766263664, 28501] , [0, 0] ,  [0.0, 0] ,  [0.007211868589935411, 12] ,  [0.0, 0] ,  [0.0, 0] ,  [9.833559164264917e-05, 1] ,  [-0.0054269687988787235, 5]  ]
L_t_LQuujj2800 = [[0.004073933039763645, 55934] , [1, 1] ,  [0.0, 0] ,  [0.0013125043914209117, 13] ,  [0.0, 0] ,  [0.0, 0] ,  [0.0, 0] ,  [-0.0008955665696298784, 4]  ]
L_t_LQuujj2900 = [[0.002264527634570315, 54760] , [1, 1] ,  [0.0, 0] ,  [0.006546200931392559, 10] ,  [0.0, 0] ,  [0.0, 0] ,  [0.0, 0] ,  [-0.0002234177381078442, 1]  ]
L_t_LQuujj3000 = [[0.001293667055113385, 26045] , [0, 0] ,  [0.0, 0] ,  [0.0011620965951411356, 5] ,  [0.0, 0] ,  [0.0, 0] ,  [0.0, 0] ,  [-0.0002234177381078442, 1]  ]
L_t_LQuujj3500 = [[8.03159649208881e-05, 24968] , [0, 0] ,  [0.0, 0] ,  [-0.0005852364216416966, 7] ,  [0.0, 0] ,  [0.0, 0] ,  [0.0, 0] ,  [-0.0002234177381078442, 1]  ]
L_t_LQuujj4000 = [[6.753911191885037e-06, 45520] , [1, 1] ,  [0.0, 0] ,  [-0.0005786464898797734, 5] ,  [0.0, 0] ,  [0.0, 0] ,  [0.0, 0] ,  [-0.0002234177381078442, 1]  ]
