headers = ['Signal', 'Data', 'TTBar', 'ZJets', 'WJets', 'sTop', 'VV', 'TTV']
L_t_LQuujj300 = [[20375.295911642268, 6287] , [5, 5] ,  [0.6699018935354516, 13] ,  [1.2905615655746712, 48] ,  [0.0, 0] ,  [0.24057405794872852, 2] ,  [0.09762080572489754, 14] ,  [0.03612762307133257, 30]  ]
L_t_LQuujj400 = [[5835.5459034113765, 8391] , [0, 0] ,  [0.09633537088345692, 2] ,  [0.002981548313275406, 25] ,  [0.0, 0] ,  [0.16716835174955003, 1] ,  [0.07386123995175578, 7] ,  [0.04052802282169134, 17]  ]
L_t_LQuujj500 = [[3754.021017065176, 19542] , [2, 2] ,  [0.29229149383046726, 8] ,  [1.7463740766301086, 72] ,  [0.0, 0] ,  [0.38355703322808776, 2] ,  [0.10648059601204199, 13] ,  [0.06109452613829244, 27]  ]
L_t_LQuujj600 = [[1534.491660714588, 23745] , [1, 1] ,  [0.07070176232043751, 2] ,  [0.5261243855202838, 43] ,  [0.0, 0] ,  [0.0, 0] ,  [-0.007808697086707358, 3] ,  [0.018234669422700276, 20]  ]
L_t_LQuujj700 = [[785.1207916182626, 32295] , [0, 0] ,  [0.05662142577275273, 1] ,  [0.552946889637225, 105] ,  [0.0, 0] ,  [0.004508300573389734, 1] ,  [0.02672520420776304, 5] ,  [0.0006125529259778705, 11]  ]
L_t_LQuujj800 = [[374.9449388857033, 37519] , [1, 1] ,  [0.058305639340986364, 1] ,  [0.30761332010107517, 104] ,  [0.0, 0] ,  [0.0, 0] ,  [0.065803457216327, 5] ,  [0.04528564812181458, 22]  ]
L_t_LQuujj900 = [[185.46934138727534, 41985] , [0, 0] ,  [0.0, 0] ,  [-0.07387914075002716, 111] ,  [0.0, 0] ,  [0.0, 0] ,  [0.03624048060824723, 3] ,  [0.012154239069559697, 10]  ]
L_t_LQuujj1000 = [[94.45525530080397, 46427] , [1, 1] ,  [0.0, 0] ,  [0.17663833630096681, 94] ,  [0.0, 0] ,  [0.0, 0] ,  [0.03624048060824723, 3] ,  [0.009378596233074759, 8]  ]
L_t_LQuujj1100 = [[50.94671495627361, 51213] , [0, 0] ,  [0.0, 0] ,  [0.16019374219560098, 92] ,  [0.0, 0] ,  [0.0, 0] ,  [0.062434482285644174, 3] ,  [0.021259357970734145, 8]  ]
L_t_LQuujj1200 = [[24.249830874546063, 24638] , [0, 0] ,  [0.0, 0] ,  [-0.01903171709464726, 34] ,  [0.0, 0] ,  [0.0, 0] ,  [0.06768677256919448, 2] ,  [0.007014554918259953, 4]  ]
L_t_LQuujj1300 = [[12.740746459687138, 25132] , [1, 1] ,  [0.0, 0] ,  [-0.02992815675422541, 28] ,  [0.0, 0] ,  [0.0, 0] ,  [0.026160411066804334, 1] ,  [0.0028000217528743286, 5]  ]
L_t_LQuujj1400 = [[7.952079085189089, 60234] , [1, 1] ,  [0.0, 0] ,  [0.06714959751733401, 69] ,  [0.0, 0] ,  [0.0, 0] ,  [0.15517037064899467, 3] ,  [0.013949425822769894, 9]  ]
L_t_LQuujj1500 = [[3.850765144018176, 54935] , [0, 0] ,  [0.0, 0] ,  [0.06276624822386039, 33] ,  [0.0, 0] ,  [0.0, 0] ,  [0.0, 0] ,  [0.0105993016952614, 4]  ]
L_t_LQuujj1600 = [[2.2012677123638036, 58253] , [1, 1] ,  [0.0, 0] ,  [-0.01058032456822535, 31] ,  [0.0, 0] ,  [0.0, 0] ,  [0.026160411066804334, 1] ,  [0.006866682293951949, 3]  ]
L_t_LQuujj1700 = [[1.162820228796134, 56023] , [0, 0] ,  [0.0, 0] ,  [0.02555683667492988, 22] ,  [0.0, 0] ,  [0.0, 0] ,  [0.0, 0] ,  [0.006866682293951949, 3]  ]
L_t_LQuujj1800 = [[0.6443561893264965, 56279] , [0, 0] ,  [0.0, 0] ,  [0.03202774877373681, 18] ,  [0.0, 0] ,  [0.0, 0] ,  [0.0, 0] ,  [0.0034857668511076084, 2]  ]
L_t_LQuujj1900 = [[0.3886951447303889, 61429] , [0, 0] ,  [0.0, 0] ,  [0.07522927983022441, 39] ,  [0.0, 0] ,  [0.0, 0] ,  [0.026252465880219185, 2] ,  [0.0105993016952614, 4]  ]
L_t_LQuujj2000 = [[0.21599685812386696, 60420] , [0, 0] ,  [0.0, 0] ,  [0.0346563199189983, 23] ,  [0.0, 0] ,  [0.0, 0] ,  [9.205481341485183e-05, 1] ,  [0.0105993016952614, 4]  ]
L_t_LQuujj2100 = [[0.11999320004313466, 60168] , [1, 1] ,  [0.0, 0] ,  [0.0015673886828223176, 20] ,  [0.0, 0] ,  [0.0, 0] ,  [0.0, 0] ,  [0.003183752096406663, 2]  ]
L_t_LQuujj2200 = [[0.06271978108286344, 55412] , [0, 0] ,  [0.0, 0] ,  [-0.006015397713870028, 4] ,  [0.0, 0] ,  [0.0, 0] ,  [0.0, 0] ,  [-0.0001971633464376784, 1]  ]
L_t_LQuujj2300 = [[0.035901989757581354, 28784] , [0, 0] ,  [0.0, 0] ,  [0.0035532403168487357, 2] ,  [0.0, 0] ,  [0.0, 0] ,  [0.0, 0] ,  [0.0034857668511076084, 2]  ]
L_t_LQuujj2400 = [[0.020643660955047754, 58478] , [0, 0] ,  [0.0, 0] ,  [0.006031763739355317, 9] ,  [0.0, 0] ,  [0.0, 0] ,  [0.0, 0] ,  [0.00721838625241706, 3]  ]
L_t_LQuujj2500 = [[0.011919006193421507, 58614] , [1, 1] ,  [0.0, 0] ,  [0.014753888192893725, 19] ,  [0.0, 0] ,  [0.0, 0] ,  [0.0, 0] ,  [-0.0005131386751071432, 3]  ]
L_t_LQuujj2600 = [[0.006596371248419955, 57767] , [0, 0] ,  [0.0, 0] ,  [-0.00320405054370244, 15] ,  [0.0, 0] ,  [0.0, 0] ,  [0.0, 0] ,  [0.003169791522438143, 4]  ]
L_t_LQuujj2700 = [[0.003707089746083175, 28498] , [0, 0] ,  [0.0, 0] ,  [0.005105093789203055, 10] ,  [0.0, 0] ,  [0.0, 0] ,  [0.0, 0] ,  [-0.0035575177799230355, 4]  ]
L_t_LQuujj2800 = [[0.002036497496244647, 55921] , [1, 1] ,  [0.0, 0] ,  [0.0013803963611781801, 13] ,  [0.0, 0] ,  [0.0, 0] ,  [0.0, 0] ,  [0.00044138774629171604, 3]  ]
L_t_LQuujj2900 = [[0.0011320885446439144, 54748] , [1, 1] ,  [0.0, 0] ,  [0.006302110735988708, 10] ,  [0.0, 0] ,  [0.0, 0] ,  [0.0, 0] ,  [-0.0001971633464376784, 1]  ]
L_t_LQuujj3000 = [[0.0006466873350572874, 26041] , [0, 0] ,  [0.0, 0] ,  [0.0012099352865718345, 5] ,  [0.0, 0] ,  [0.0, 0] ,  [0.0, 0] ,  [-0.0001971633464376784, 1]  ]
L_t_LQuujj3500 = [[4.014909383578854e-05, 24965] , [0, 0] ,  [0.0, 0] ,  [0.0005022854944132038, 8] ,  [0.0, 0] ,  [0.0, 0] ,  [0.0, 0] ,  [-0.0001971633464376784, 1]  ]
L_t_LQuujj4000 = [[3.376671569439876e-06, 45514] , [1, 1] ,  [0.0, 0] ,  [0.0005157479429584453, 6] ,  [0.0, 0] ,  [0.0, 0] ,  [9.205481341485183e-05, 1] ,  [-0.0001971633464376784, 1]  ]
