headers = ['Signal', 'Data', 'TTBar', 'ZJets', 'WJets', 'sTop', 'VV', 'TTV']
L_t_LQuujj300 = [[20994.94070197045, 6477] , [5, 5] ,  [0.5900748698070669, 12] ,  [1.5671685219733396, 53] ,  [0.0, 0] ,  [0.24057405794872852, 2] ,  [-0.010729950384018416, 15] ,  [0.02553437584220518, 29]  ]
L_t_LQuujj400 = [[5952.1973398578075, 8566] , [0, 0] ,  [0.09316751315100347, 2] ,  [0.05253018537168636, 29] ,  [0.0, 0] ,  [0.0, 0] ,  [0.0140210771914007, 9] ,  [0.035077520189200635, 18]  ]
L_t_LQuujj500 = [[3833.8853723253033, 19963] , [2, 2] ,  [0.25796986674543965, 7] ,  [1.7177582720883295, 71] ,  [0.0, 0] ,  [0.38355703322808776, 2] ,  [0.0972141623207024, 12] ,  [0.048118902485905016, 27]  ]
L_t_LQuujj600 = [[1547.3744885356411, 23951] , [1, 1] ,  [0.06837683096437476, 2] ,  [0.5659865439189267, 45] ,  [0.0, 0] ,  [0.0, 0] ,  [-0.02074235784518736, 4] ,  [0.012098876671326583, 20]  ]
L_t_LQuujj700 = [[792.7546803268688, 32610] , [0, 0] ,  [0.05475950714606527, 1] ,  [0.6021314156306512, 104] ,  [0.0, 0] ,  [0.004508300573389734, 1] ,  [0.026318043361544648, 5] ,  [-1.9310290177024583e-05, 13]  ]
L_t_LQuujj800 = [[376.32032315543944, 37649] , [1, 1] ,  [0.056388337640290845, 1] ,  [0.3453887826743189, 111] ,  [0.0, 0] ,  [0.0, 0] ,  [0.06480093573450749, 5] ,  [0.042589196519291696, 21]  ]
L_t_LQuujj900 = [[186.00950576860637, 42118] , [0, 0] ,  [0.0, 0] ,  [-0.06866015429842218, 115] ,  [0.0, 0] ,  [0.0, 0] ,  [0.03568835368576972, 3] ,  [0.0119690681639894, 10]  ]
L_t_LQuujj1000 = [[94.65095883167997, 46522] , [1, 1] ,  [0.0, 0] ,  [0.18653493287327888, 98] ,  [0.0, 0] ,  [0.0, 0] ,  [0.03568835368576972, 3] ,  [0.006300381130979655, 7]  ]
L_t_LQuujj1100 = [[51.04521647173774, 51332] , [0, 0] ,  [0.0, 0] ,  [0.16481267032273003, 95] ,  [0.0, 0] ,  [0.0, 0] ,  [0.020680236066920005, 3] ,  [0.01349857663666907, 8]  ]
L_t_LQuujj1200 = [[24.2575766893211, 24655] , [0, 0] ,  [0.0, 0] ,  [-0.014210183595703144, 39] ,  [0.0, 0] ,  [0.0, 0] ,  [0.06665555861165773, 2] ,  [0.010592531489092073, 5]  ]
L_t_LQuujj1300 = [[12.752034653098338, 25168] , [1, 1] ,  [0.0, 0] ,  [-0.03260168177889847, 28] ,  [0.0, 0] ,  [0.0, 0] ,  [0.025761854893965548, 1] ,  [0.002757363174198285, 5]  ]
L_t_LQuujj1400 = [[7.960953222006054, 60291] , [1, 1] ,  [0.0, 0] ,  [0.07856885249246277, 75] ,  [0.0, 0] ,  [0.0, 0] ,  [0.15280633634900176, 3] ,  [0.010061152473379366, 8]  ]
L_t_LQuujj1500 = [[3.851166515578477, 54962] , [0, 0] ,  [0.0, 0] ,  [0.06732365116733051, 36] ,  [0.0, 0] ,  [0.0, 0] ,  [9.065235020308037e-05, 1] ,  [0.01043782039790566, 4]  ]
L_t_LQuujj1600 = [[2.202739003973621, 58305] , [1, 1] ,  [0.0, 0] ,  [0.025326024843943966, 29] ,  [0.0, 0] ,  [0.0, 0] ,  [0.02585250724416863, 2] ,  [0.006762067782804221, 3]  ]
L_t_LQuujj1700 = [[1.1625522434439763, 56018] , [0, 0] ,  [0.0, 0] ,  [0.02691479740900092, 25] ,  [0.0, 0] ,  [0.0, 0] ,  [9.065235020308037e-05, 1] ,  [0.006762067782804221, 3]  ]
L_t_LQuujj1800 = [[0.6447710168809346, 56319] , [0, 0] ,  [0.0, 0] ,  [0.037076742069247604, 19] ,  [0.0, 0] ,  [0.0, 0] ,  [0.0, 0] ,  [0.0034326608853015644, 2]  ]
L_t_LQuujj1900 = [[0.3888963860153246, 61463] , [0, 0] ,  [0.0, 0] ,  [0.02258342354568154, 39] ,  [0.0, 0] ,  [0.0, 0] ,  [0.02585250724416863, 2] ,  [0.01043782039790566, 4]  ]
L_t_LQuujj2000 = [[0.2160462469453226, 60437] , [0, 0] ,  [0.0, 0] ,  [0.041947416410689456, 29] ,  [0.0, 0] ,  [0.0, 0] ,  [9.065235020308037e-05, 1] ,  [0.01043782039790566, 4]  ]
L_t_LQuujj2100 = [[0.11999078601535712, 60169] , [1, 1] ,  [0.0, 0] ,  [0.0050904469842019805, 25] ,  [0.0, 0] ,  [0.0, 0] ,  [9.065235020308037e-05, 1] ,  [0.003135247352059528, 2]  ]
L_t_LQuujj2200 = [[0.0627076676187388, 55385] , [0, 0] ,  [0.0, 0] ,  [-0.004363314256657853, 6] ,  [0.0, 0] ,  [0.0, 0] ,  [0.0, 0] ,  [-0.00019415954544312899, 1]  ]
L_t_LQuujj2300 = [[0.03586758920045132, 28756] , [0, 0] ,  [0.0, 0] ,  [0.0037332642772268053, 2] ,  [0.0, 0] ,  [0.0, 0] ,  [9.065235020308037e-05, 1] ,  [0.0034326608853015644, 2]  ]
L_t_LQuujj2400 = [[0.020651576239688385, 58494] , [0, 0] ,  [0.0, 0] ,  [0.015911561103445514, 14] ,  [0.0, 0] ,  [0.0, 0] ,  [0.0, 0] ,  [0.007108413500403004, 3]  ]
L_t_LQuujj2500 = [[0.011919111510289291, 58617] , [1, 1] ,  [0.0, 0] ,  [0.019830447263274265, 20] ,  [0.0, 0] ,  [0.0, 0] ,  [0.0, 0] ,  [-0.0005053209620764108, 3]  ]
L_t_LQuujj2600 = [[0.006596361503928311, 57766] , [0, 0] ,  [0.0, 0] ,  [-0.004312671522826188, 14] ,  [0.0, 0] ,  [0.0, 0] ,  [0.0, 0] ,  [0.003121499468668283, 4]  ]
L_t_LQuujj2700 = [[0.003707276087566253, 28501] , [0, 0] ,  [0.0, 0] ,  [0.007436586384189524, 12] ,  [0.0, 0] ,  [0.0, 0] ,  [9.065235020308037e-05, 1] ,  [-0.004716267401363245, 5]  ]
L_t_LQuujj2800 = [[0.0020369665198818224, 55934] , [1, 1] ,  [0.0, 0] ,  [0.001290910637666059, 13] ,  [0.0, 0] ,  [0.0, 0] ,  [0.0, 0] ,  [-0.0007782855539852701, 4]  ]
L_t_LQuujj2900 = [[0.0011322638172851574, 54760] , [1, 1] ,  [0.0, 0] ,  [0.006591778340192989, 10] ,  [0.0, 0] ,  [0.0, 0] ,  [0.0, 0] ,  [-0.00019415954544312899, 1]  ]
L_t_LQuujj3000 = [[0.0006468335275566925, 26045] , [0, 0] ,  [0.0, 0] ,  [0.0011453449620667444, 5] ,  [0.0, 0] ,  [0.0, 0] ,  [0.0, 0] ,  [-0.00019415954544312899, 1]  ]
L_t_LQuujj3500 = [[4.015798246044405e-05, 24968] , [0, 0] ,  [0.0, 0] ,  [-0.000586238201386241, 7] ,  [0.0, 0] ,  [0.0, 0] ,  [0.0, 0] ,  [-0.00019415954544312899, 1]  ]
L_t_LQuujj4000 = [[3.3769555959425185e-06, 45520] , [1, 1] ,  [0.0, 0] ,  [-0.0005773064965125217, 5] ,  [0.0, 0] ,  [0.0, 0] ,  [0.0, 0] ,  [-0.00019415954544312899, 1]  ]
