headers = ['Signal', 'Data', 'TTBar', 'ZJets', 'WJets', 'sTop', 'VV', 'TTV']
L_t_LQuujj300 = [[20994.94070197045, 6477] , [5, 5] ,  [0.5900514536820339, 12] ,  [1.4540802954487746, 53] ,  [0.0, 0] ,  [0.24057405794872852, 2] ,  [-0.010731135005896685, 15] ,  [0.025537194921435566, 29]  ]
L_t_LQuujj400 = [[5952.1973398578075, 8566] , [0, 0] ,  [0.09316381595553118, 2] ,  [0.04910624379691662, 29] ,  [0.0, 0] ,  [0.0, 0] ,  [0.014022625164522972, 9] ,  [0.0350813928630122, 18]  ]
L_t_LQuujj500 = [[3833.8853723253033, 19963] , [2, 2] ,  [0.2579596296467873, 7] ,  [1.594588795893496, 71] ,  [0.0, 0] ,  [0.38355703322808776, 2] ,  [0.09722489508454947, 12] ,  [0.04812421497129433, 27]  ]
L_t_LQuujj600 = [[1547.3744885356411, 23951] , [1, 1] ,  [0.06837411754527296, 2] ,  [0.5163882353810028, 45] ,  [0.0, 0] ,  [0.0, 0] ,  [-0.020744647869840864, 4] ,  [0.01210021242717767, 20]  ]
L_t_LQuujj700 = [[792.7546803268688, 32610] , [0, 0] ,  [0.05475733410747018, 1] ,  [0.5581759053951761, 104] ,  [0.0, 0] ,  [0.004508300573389734, 1] ,  [0.02632094896025139, 5] ,  [-1.931242209668796e-05, 13]  ]
L_t_LQuujj800 = [[376.32032315543944, 37649] , [1, 1] ,  [0.05638609996430742, 1] ,  [0.32199782087845935, 111] ,  [0.0, 0] ,  [0.0, 0] ,  [0.0648080899713358, 5] ,  [0.04259389850692155, 21]  ]
L_t_LQuujj900 = [[186.00950576860637, 42118] , [0, 0] ,  [0.0, 0] ,  [-0.06554904176855698, 115] ,  [0.0, 0] ,  [0.0, 0] ,  [0.03569229379761203, 3] ,  [0.011970389588553544, 10]  ]
L_t_LQuujj1000 = [[94.65095883167997, 46522] , [1, 1] ,  [0.0, 0] ,  [0.17752469817022337, 98] ,  [0.0, 0] ,  [0.0, 0] ,  [0.03569229379761203, 3] ,  [0.006301076713816673, 7]  ]
L_t_LQuujj1100 = [[51.04521647173774, 51332] , [0, 0] ,  [0.0, 0] ,  [0.1553914681034478, 95] ,  [0.0, 0] ,  [0.0, 0] ,  [0.020682519233124492, 3] ,  [0.01350006692400843, 8]  ]
L_t_LQuujj1200 = [[24.2575766893211, 24655] , [0, 0] ,  [0.0, 0] ,  [-0.013120323768231416, 39] ,  [0.0, 0] ,  [0.0, 0] ,  [0.06666291760496279, 2] ,  [0.010593700939471536, 5]  ]
L_t_LQuujj1300 = [[12.752034653098338, 25168] , [1, 1] ,  [0.0, 0] ,  [-0.028960579008135662, 28] ,  [0.0, 0] ,  [0.0, 0] ,  [0.0257646990876328, 1] ,  [0.0027576675961784023, 5]  ]
L_t_LQuujj1400 = [[7.960953222006054, 60291] , [1, 1] ,  [0.0, 0] ,  [0.07093147492312765, 75] ,  [0.0, 0] ,  [0.0, 0] ,  [0.15282320667204133, 3] ,  [0.010062263257764563, 8]  ]
L_t_LQuujj1500 = [[3.851166515578477, 54962] , [0, 0] ,  [0.0, 0] ,  [0.06239395315558594, 36] ,  [0.0, 0] ,  [0.0, 0] ,  [9.066235852124807e-05, 1] ,  [0.010438972767670874, 4]  ]
L_t_LQuujj1600 = [[2.202739003973621, 58305] , [1, 1] ,  [0.0, 0] ,  [0.023388008073825354, 29] ,  [0.0, 0] ,  [0.0, 0] ,  [0.025855361446154048, 2] ,  [0.006762814337368889, 3]  ]
L_t_LQuujj1700 = [[1.1625522434439763, 56018] , [0, 0] ,  [0.0, 0] ,  [0.0247774256927621, 25] ,  [0.0, 0] ,  [0.0, 0] ,  [9.066235852124807e-05, 1] ,  [0.006762814337368889, 3]  ]
L_t_LQuujj1800 = [[0.6447710168809346, 56319] , [0, 0] ,  [0.0, 0] ,  [0.03323512734673751, 19] ,  [0.0, 0] ,  [0.0, 0] ,  [0.0, 0] ,  [0.003433039862374139, 2]  ]
L_t_LQuujj1900 = [[0.3888963860153246, 61463] , [0, 0] ,  [0.0, 0] ,  [0.020209781572185066, 39] ,  [0.0, 0] ,  [0.0, 0] ,  [0.025855361446154048, 2] ,  [0.010438972767670874, 4]  ]
L_t_LQuujj2000 = [[0.2160462469453226, 60437] , [0, 0] ,  [0.0, 0] ,  [0.037138978951649755, 29] ,  [0.0, 0] ,  [0.0, 0] ,  [9.066235852124807e-05, 1] ,  [0.010438972767670874, 4]  ]
L_t_LQuujj2100 = [[0.11999078601535712, 60169] , [1, 1] ,  [0.0, 0] ,  [0.0046120161160290276, 25] ,  [0.0, 0] ,  [0.0, 0] ,  [9.066235852124807e-05, 1] ,  [0.0031355934936980355, 2]  ]
L_t_LQuujj2200 = [[0.0627076676187388, 55385] , [0, 0] ,  [0.0, 0] ,  [-0.003997908569658473, 6] ,  [0.0, 0] ,  [0.0, 0] ,  [0.0, 0] ,  [-0.00019418098129671399, 1]  ]
L_t_LQuujj2300 = [[0.03586758920045132, 28756] , [0, 0] ,  [0.0, 0] ,  [0.0034382117486611357, 2] ,  [0.0, 0] ,  [0.0, 0] ,  [9.066235852124807e-05, 1] ,  [0.003433039862374139, 2]  ]
L_t_LQuujj2400 = [[0.020651576239688385, 58494] , [0, 0] ,  [0.0, 0] ,  [0.014042236908622543, 14] ,  [0.0, 0] ,  [0.0, 0] ,  [0.0, 0] ,  [0.007109198292676124, 3]  ]
L_t_LQuujj2500 = [[0.011919111510289291, 58617] , [1, 1] ,  [0.0, 0] ,  [0.017845087460346094, 20] ,  [0.0, 0] ,  [0.0, 0] ,  [0.0, 0] ,  [-0.0005053767511756899, 3]  ]
L_t_LQuujj2600 = [[0.006596361503928311, 57766] , [0, 0] ,  [0.0, 0] ,  [-0.00370775806513266, 14] ,  [0.0, 0] ,  [0.0, 0] ,  [0.0, 0] ,  [0.003121844092495163, 4]  ]
L_t_LQuujj2700 = [[0.003707276087566253, 28501] , [0, 0] ,  [0.0, 0] ,  [0.006658019993174555, 12] ,  [0.0, 0] ,  [0.0, 0] ,  [9.066235852124807e-05, 1] ,  [-0.00471678809282476, 5]  ]
L_t_LQuujj2800 = [[0.0020369665198818224, 55934] , [1, 1] ,  [0.0, 0] ,  [0.0012101551337712463, 13] ,  [0.0, 0] ,  [0.0, 0] ,  [0.0, 0] ,  [-0.00077837147927493, 4]  ]
L_t_LQuujj2900 = [[0.0011322638172851574, 54760] , [1, 1] ,  [0.0, 0] ,  [0.0060390385240617446, 10] ,  [0.0, 0] ,  [0.0, 0] ,  [0.0, 0] ,  [-0.00019418098129671399, 1]  ]
L_t_LQuujj3000 = [[0.0006468335275566925, 26045] , [0, 0] ,  [0.0, 0] ,  [0.0010690591970546528, 5] ,  [0.0, 0] ,  [0.0, 0] ,  [0.0, 0] ,  [-0.00019418098129671399, 1]  ]
L_t_LQuujj3500 = [[4.015798246044405e-05, 24968] , [0, 0] ,  [0.0, 0] ,  [-0.0005436947397782642, 7] ,  [0.0, 0] ,  [0.0, 0] ,  [0.0, 0] ,  [-0.00019418098129671399, 1]  ]
L_t_LQuujj4000 = [[3.3769555959425185e-06, 45520] , [1, 1] ,  [0.0, 0] ,  [-0.0005385340040960081, 5] ,  [0.0, 0] ,  [0.0, 0] ,  [0.0, 0] ,  [-0.00019418098129671399, 1]  ]
