headers = ['Signal', 'Data', 'TTBar', 'ZJets', 'WJets', 'sTop', 'VV', 'TTV']
L_t_LQuujj300 = [[20979.269791092975, 6477] , [5, 5] ,  [0.589744885299867, 12] ,  [1.4536893264780517, 53] ,  [0.0, 0] ,  [0.24038557318162043, 2] ,  [-0.00992388420227992, 15] ,  [0.02548288898990346, 29]  ]
L_t_LQuujj400 = [[5944.8991600933405, 8566] , [0, 0] ,  [0.0931231036621253, 2] ,  [0.048822150966950445, 29] ,  [0.0, 0] ,  [0.0, 0] ,  [0.013889369679605579, 9] ,  [0.03499597696760039, 18]  ]
L_t_LQuujj500 = [[3828.6253389426442, 19963] , [2, 2] ,  [0.2578393331669569, 7] ,  [1.5934000603792837, 71] ,  [0.0, 0] ,  [0.3832893010969875, 2] ,  [0.09688324862131026, 12] ,  [0.047959376778719434, 27]  ]
L_t_LQuujj600 = [[1544.7070677396837, 23951] , [1, 1] ,  [0.06834134410282969, 2] ,  [0.5160981020311219, 45] ,  [0.0, 0] ,  [0.0, 0] ,  [-0.02039299929967806, 4] ,  [0.012073861355284396, 20]  ]
L_t_LQuujj700 = [[791.0445559157289, 32610] , [0, 0] ,  [0.0545484011432698, 1] ,  [0.5571428783205165, 104] ,  [0.0, 0] ,  [0.004499576912907794, 1] ,  [0.026094041842139107, 5] ,  [-2.0201097507738068e-05, 13]  ]
L_t_LQuujj800 = [[375.30613088687215, 37649] , [1, 1] ,  [0.056296677333973914, 1] ,  [0.3211565654903843, 111] ,  [0.0, 0] ,  [0.0, 0] ,  [0.0645071155106796, 5] ,  [0.04243520607792999, 21]  ]
L_t_LQuujj900 = [[185.42262611548452, 42118] , [0, 0] ,  [0.0, 0] ,  [-0.06591384744416923, 115] ,  [0.0, 0] ,  [0.0, 0] ,  [0.03548616426316923, 3] ,  [0.011938013709984133, 10]  ]
L_t_LQuujj1000 = [[94.30247329047278, 46522] , [1, 1] ,  [0.0, 0] ,  [0.17711705980698084, 98] ,  [0.0, 0] ,  [0.0, 0] ,  [0.03548616426316923, 3] ,  [0.0062038620350717295, 7]  ]
L_t_LQuujj1100 = [[50.833551292138665, 51332] , [0, 0] ,  [0.0, 0] ,  [0.15494007763611564, 95] ,  [0.0, 0] ,  [0.0, 0] ,  [0.020565351061871174, 3] ,  [0.013368933851465661, 8]  ]
L_t_LQuujj1200 = [[24.143631733038404, 24655] , [0, 0] ,  [0.0, 0] ,  [-0.013196493242633008, 39] ,  [0.0, 0] ,  [0.0, 0] ,  [0.06601851616241394, 2] ,  [0.010488218776048264, 5]  ]
L_t_LQuujj1300 = [[12.68761608273189, 25168] , [1, 1] ,  [0.0, 0] ,  [-0.028836429371030904, 28] ,  [0.0, 0] ,  [0.0, 0] ,  [0.025611055043208403, 1] ,  [0.00271466925616319, 5]  ]
L_t_LQuujj1400 = [[7.9180641318057035, 60291] , [1, 1] ,  [0.0, 0] ,  [0.07072184733787584, 75] ,  [0.0, 0] ,  [0.0, 0] ,  [0.15192591102011116, 3] ,  [0.009945222428122444, 8]  ]
L_t_LQuujj1500 = [[3.8288272258508766, 54962] , [0, 0] ,  [0.0, 0] ,  [0.06222049664183417, 36] ,  [0.0, 0] ,  [0.0, 0] ,  [8.95744572681199e-05, 1] ,  [0.010364798884824925, 4]  ]
L_t_LQuujj1600 = [[2.189297997703255, 58305] , [1, 1] ,  [0.0, 0] ,  [0.02331300581750056, 29] ,  [0.0, 0] ,  [0.0, 0] ,  [0.025700629500476524, 2] ,  [0.006696519741737434, 3]  ]
L_t_LQuujj1700 = [[1.1550673937124516, 56018] , [0, 0] ,  [0.0, 0] ,  [0.02460815705937774, 25] ,  [0.0, 0] ,  [0.0, 0] ,  [8.95744572681199e-05, 1] ,  [0.006696519741737434, 3]  ]
L_t_LQuujj1800 = [[0.6404433139278887, 56319] , [0, 0] ,  [0.0, 0] ,  [0.0331018617202285, 19] ,  [0.0, 0] ,  [0.0, 0] ,  [0.0, 0] ,  [0.0033909251841094125, 2]  ]
L_t_LQuujj1900 = [[0.38625889529471374, 61463] , [0, 0] ,  [0.0, 0] ,  [0.020097166089407526, 39] ,  [0.0, 0] ,  [0.0, 0] ,  [0.025700629500476524, 2] ,  [0.010364798884824925, 4]  ]
L_t_LQuujj2000 = [[0.21452022455996228, 60437] , [0, 0] ,  [0.0, 0] ,  [0.03688660918395562, 29] ,  [0.0, 0] ,  [0.0, 0] ,  [8.95744572681199e-05, 1] ,  [0.010364798884824925, 4]  ]
L_t_LQuujj2100 = [[0.11913284120726245, 60169] , [1, 1] ,  [0.0, 0] ,  [0.004526863830030433, 25] ,  [0.0, 0] ,  [0.0, 0] ,  [8.95744572681199e-05, 1] ,  [0.003112823665848542, 2]  ]
L_t_LQuujj2200 = [[0.062244351740512655, 55385] , [0, 0] ,  [0.0, 0] ,  [-0.003954684840774111, 6] ,  [0.0, 0] ,  [0.0, 0] ,  [0.0, 0] ,  [-0.00019277089177947965, 1]  ]
L_t_LQuujj2300 = [[0.03559761666390314, 28756] , [0, 0] ,  [0.0, 0] ,  [0.0034192201439947082, 2] ,  [0.0, 0] ,  [0.0, 0] ,  [8.95744572681199e-05, 1] ,  [0.0033909251841094125, 2]  ]
L_t_LQuujj2400 = [[0.020495312456056843, 58494] , [0, 0] ,  [0.0, 0] ,  [0.013985866883030279, 14] ,  [0.0, 0] ,  [0.0, 0] ,  [0.0, 0] ,  [0.007059204327196903, 3]  ]
L_t_LQuujj2500 = [[0.011827530043225978, 58617] , [1, 1] ,  [0.0, 0] ,  [0.0178202459563186, 20] ,  [0.0, 0] ,  [0.0, 0] ,  [0.0, 0] ,  [-0.0005030478778162745, 3]  ]
L_t_LQuujj2600 = [[0.006544925298537241, 57766] , [0, 0] ,  [0.0, 0] ,  [-0.003659130432604128, 14] ,  [0.0, 0] ,  [0.0, 0] ,  [0.0, 0] ,  [0.0030806481980726174, 4]  ]
L_t_LQuujj2700 = [[0.0036781078941404547, 28501] , [0, 0] ,  [0.0, 0] ,  [0.006619404397312017, 12] ,  [0.0, 0] ,  [0.0, 0] ,  [8.95744572681199e-05, 1] ,  [-0.00470561080031451, 5]  ]
L_t_LQuujj2800 = [[0.0020207788703973323, 55934] , [1, 1] ,  [0.0, 0] ,  [0.0012428778692463445, 13] ,  [0.0, 0] ,  [0.0, 0] ,  [0.0, 0] ,  [-0.0008116377383888228, 4]  ]
L_t_LQuujj2900 = [[0.0011230920197480199, 54759] , [1, 1] ,  [0.0, 0] ,  [0.006024083595597465, 10] ,  [0.0, 0] ,  [0.0, 0] ,  [0.0, 0] ,  [-0.00019277089177947965, 1]  ]
L_t_LQuujj3000 = [[0.0006415489109158128, 26045] , [0, 0] ,  [0.0, 0] ,  [0.0010614141494634894, 5] ,  [0.0, 0] ,  [0.0, 0] ,  [0.0, 0] ,  [-0.00019277089177947965, 1]  ]
L_t_LQuujj3500 = [[3.9811682050692334e-05, 24968] , [0, 0] ,  [0.0, 0] ,  [-0.0005430897318798342, 7] ,  [0.0, 0] ,  [0.0, 0] ,  [0.0, 0] ,  [-0.00019277089177947965, 1]  ]
L_t_LQuujj4000 = [[3.346351967336225e-06, 45519] , [1, 1] ,  [0.0, 0] ,  [-0.0005411109050712463, 5] ,  [0.0, 0] ,  [0.0, 0] ,  [0.0, 0] ,  [-0.00019277089177947965, 1]  ]
