headers = ['Signal', 'Data', 'TTBar', 'ZJets', 'WJets', 'sTop', 'VV', 'TTV']
L_t_LQuujj300 = [[20994.94070197045, 6477] , [5, 5] ,  [0.5899945517035293, 12] ,  [1.6374329522680855, 53] ,  [0.0, 0] ,  [0.24057405794872852, 2] ,  [-0.010735009228108095, 15] ,  [0.02554641452101449, 29]  ]
L_t_LQuujj400 = [[5952.1973398578075, 8566] , [0, 0] ,  [0.09315483164506161, 2] ,  [0.03774994590787957, 29] ,  [0.0, 0] ,  [0.0, 0] ,  [0.014027687701323132, 9] ,  [0.03509405816927872, 18]  ]
L_t_LQuujj500 = [[3833.8853723253033, 19963] , [2, 2] ,  [0.2579347531496452, 7] ,  [1.8372474851410692, 71] ,  [0.0, 0] ,  [0.38355703322808776, 2] ,  [0.09725999583091338, 12] ,  [0.04814158907966646, 27]  ]
L_t_LQuujj600 = [[1547.3744885356411, 23951] , [1, 1] ,  [0.06836752384477016, 2] ,  [0.5781476199168741, 45] ,  [0.0, 0] ,  [0.0, 0] ,  [-0.020752137233780568, 4] ,  [0.012104580922376209, 20]  ]
L_t_LQuujj700 = [[792.7546803268688, 32610] , [0, 0] ,  [0.054752053549937604, 1] ,  [0.6439844161140598, 104] ,  [0.0, 0] ,  [0.004508300573389734, 1] ,  [0.026330451515668984, 5] ,  [-1.9319394389424177e-05, 13]  ]
L_t_LQuujj800 = [[376.32032315543944, 37649] , [1, 1] ,  [0.05638066233572757, 1] ,  [0.3608894176663729, 111] ,  [0.0, 0] ,  [0.0, 0] ,  [0.06483148739775045, 5] ,  [0.042609276025476234, 21]  ]
L_t_LQuujj900 = [[186.00950576860637, 42118] , [0, 0] ,  [0.0, 0] ,  [-0.08632821804744634, 115] ,  [0.0, 0] ,  [0.0, 0] ,  [0.03570517965519662, 3] ,  [0.011974711214290036, 10]  ]
L_t_LQuujj1000 = [[94.65095883167997, 46522] , [1, 1] ,  [0.0, 0] ,  [0.20227025302226334, 98] ,  [0.0, 0] ,  [0.0, 0] ,  [0.03570517965519662, 3] ,  [0.006303351568372791, 7]  ]
L_t_LQuujj1100 = [[51.04521647173774, 51332] , [0, 0] ,  [0.0, 0] ,  [0.17397156904369165, 95] ,  [0.0, 0] ,  [0.0, 0] ,  [0.020689986166990935, 3] ,  [0.01350494080352852, 8]  ]
L_t_LQuujj1200 = [[24.2575766893211, 24655] , [0, 0] ,  [0.0, 0] ,  [-0.01622719767950024, 39] ,  [0.0, 0] ,  [0.0, 0] ,  [0.06668698467297755, 2] ,  [0.01059752554436731, 5]  ]
L_t_LQuujj1300 = [[12.752034653098338, 25168] , [1, 1] ,  [0.0, 0] ,  [-0.03388644874084494, 28] ,  [0.0, 0] ,  [0.0, 0] ,  [0.025774000822204286, 1] ,  [0.002758663186770352, 5]  ]
L_t_LQuujj1400 = [[7.960953222006054, 60291] , [1, 1] ,  [0.0, 0] ,  [0.07976785723162601, 75] ,  [0.0, 0] ,  [0.0, 0] ,  [0.15287837987239547, 3] ,  [0.010065895999668277, 8]  ]
L_t_LQuujj1500 = [[3.851166515578477, 54962] , [0, 0] ,  [0.0, 0] ,  [0.07023669623744976, 36] ,  [0.0, 0] ,  [0.0, 0] ,  [9.069509001916782e-05, 1] ,  [0.010442741511623737, 4]  ]
L_t_LQuujj1600 = [[2.202739003973621, 58305] , [1, 1] ,  [0.0, 0] ,  [0.025598545639342114, 29] ,  [0.0, 0] ,  [0.0, 0] ,  [0.025864695912223453, 2] ,  [0.006765255891361368, 3]  ]
L_t_LQuujj1700 = [[1.1625522434439763, 56018] , [0, 0] ,  [0.0, 0] ,  [0.027629955177516864, 25] ,  [0.0, 0] ,  [0.0, 0] ,  [9.069509001916782e-05, 1] ,  [0.006765255891361368, 3]  ]
L_t_LQuujj1800 = [[0.6447710168809346, 56319] , [0, 0] ,  [0.0, 0] ,  [0.037280375541265925, 19] ,  [0.0, 0] ,  [0.0, 0] ,  [0.0, 0] ,  [0.0034342792801319213, 2]  ]
L_t_LQuujj1900 = [[0.3888963860153246, 61463] , [0, 0] ,  [0.0, 0] ,  [0.024111876242534507, 39] ,  [0.0, 0] ,  [0.0, 0] ,  [0.025864695912223453, 2] ,  [0.010442741511623737, 4]  ]
L_t_LQuujj2000 = [[0.2160462469453226, 60437] , [0, 0] ,  [0.0, 0] ,  [0.04169916857888217, 29] ,  [0.0, 0] ,  [0.0, 0] ,  [9.069509001916782e-05, 1] ,  [0.010442741511623737, 4]  ]
L_t_LQuujj2100 = [[0.11999078601535712, 60169] , [1, 1] ,  [0.0, 0] ,  [0.005243283371679433, 25] ,  [0.0, 0] ,  [0.0, 0] ,  [9.069509001916782e-05, 1] ,  [0.0031367255254870835, 2]  ]
L_t_LQuujj2200 = [[0.0627076676187388, 55385] , [0, 0] ,  [0.0, 0] ,  [-0.004654906625078723, 6] ,  [0.0, 0] ,  [0.0, 0] ,  [0.0, 0] ,  [-0.00019425108574236305, 1]  ]
L_t_LQuujj2300 = [[0.03586758920045132, 28756] , [0, 0] ,  [0.0, 0] ,  [0.003995451508008959, 2] ,  [0.0, 0] ,  [0.0, 0] ,  [9.069509001916782e-05, 1] ,  [0.0034342792801319213, 2]  ]
L_t_LQuujj2400 = [[0.020651576239688385, 58494] , [0, 0] ,  [0.0, 0] ,  [0.01618402587674192, 14] ,  [0.0, 0] ,  [0.0, 0] ,  [0.0, 0] ,  [0.00711176490039429, 3]  ]
L_t_LQuujj2500 = [[0.011919111510289291, 58617] , [1, 1] ,  [0.0, 0] ,  [0.0206438772465271, 20] ,  [0.0, 0] ,  [0.0, 0] ,  [0.0, 0] ,  [-0.0005055592054858311, 3]  ]
L_t_LQuujj2600 = [[0.006596361503928311, 57766] , [0, 0] ,  [0.0, 0] ,  [-0.004005287289152128, 14] ,  [0.0, 0] ,  [0.0, 0] ,  [0.0, 0] ,  [0.003122971160388453, 4]  ]
L_t_LQuujj2700 = [[0.003707276087566253, 28501] , [0, 0] ,  [0.0, 0] ,  [0.007455374943437284, 12] ,  [0.0, 0] ,  [0.0, 0] ,  [9.069509001916782e-05, 1] ,  [-0.004718490977485673, 5]  ]
L_t_LQuujj2800 = [[0.0020369665198818224, 55934] , [1, 1] ,  [0.0, 0] ,  [0.0013229390420579881, 13] ,  [0.0, 0] ,  [0.0, 0] ,  [0.0, 0] ,  [-0.0007786524918679209, 4]  ]
L_t_LQuujj2900 = [[0.0011322638172851574, 54760] , [1, 1] ,  [0.0, 0] ,  [0.007134042485379352, 10] ,  [0.0, 0] ,  [0.0, 0] ,  [0.0, 0] ,  [-0.00019425108574236305, 1]  ]
L_t_LQuujj3000 = [[0.0006468335275566925, 26045] , [0, 0] ,  [0.0, 0] ,  [0.001054308456139429, 5] ,  [0.0, 0] ,  [0.0, 0] ,  [0.0, 0] ,  [-0.00019425108574236305, 1]  ]
L_t_LQuujj3500 = [[4.015798246044405e-05, 24968] , [0, 0] ,  [0.0, 0] ,  [-0.0007495584491773262, 7] ,  [0.0, 0] ,  [0.0, 0] ,  [0.0, 0] ,  [-0.00019425108574236305, 1]  ]
L_t_LQuujj4000 = [[3.3769555959425185e-06, 45520] , [1, 1] ,  [0.0, 0] ,  [-0.0007595352889329286, 5] ,  [0.0, 0] ,  [0.0, 0] ,  [0.0, 0] ,  [-0.00019425108574236305, 1]  ]
