headers = ['Signal', 'Data', 'TTBar', 'ZJets', 'WJets', 'sTop', 'VV', 'TTV']
L_t_LQuujj300 = [[20868.97105775865, 6477] , [5, 5] ,  [0.5901715076815542, 12] ,  [1.4544111582010302, 53] ,  [0.0, 0] ,  [0.23913061360103616, 2] ,  [-0.010719554130286973, 15] ,  [0.025509635574018603, 29]  ]
L_t_LQuujj400 = [[5916.484155818636, 8566] , [0, 0] ,  [0.09318277140195241, 2] ,  [0.04897664408012736, 29] ,  [0.0, 0] ,  [0.0, 0] ,  [0.014007492163431978, 9] ,  [0.0350435335641833, 18]  ]
L_t_LQuujj500 = [[3810.882060091343, 19963] , [2, 2] ,  [0.2580121150445618, 7] ,  [1.5955353608589111, 71] ,  [0.0, 0] ,  [0.38125569102871926, 2] ,  [0.09711997147530199, 12] ,  [0.04807228005974109, 27]  ]
L_t_LQuujj600 = [[1538.0902416044119, 23951] , [1, 1] ,  [0.06838802919013674, 2] ,  [0.516475800606199, 45] ,  [0.0, 0] ,  [0.0, 0] ,  [-0.02072226056538372, 4] ,  [0.012087154064302438, 20]  ]
L_t_LQuujj700 = [[787.9981522449083, 32610] , [0, 0] ,  [0.0547684752324037, 1] ,  [0.5585026286913854, 104] ,  [0.0, 0] ,  [0.004481250769949396, 1] ,  [0.026292543797547682, 5] ,  [-1.929158042822572e-05, 13]  ]
L_t_LQuujj800 = [[374.0624012165044, 37649] , [1, 1] ,  [0.05639757248382386, 1] ,  [0.32204987936463464, 111] ,  [0.0, 0] ,  [0.0, 0] ,  [0.06473815007885955, 5] ,  [0.04254793182771475, 21]  ]
L_t_LQuujj900 = [[184.8934487339934, 42118] , [0, 0] ,  [0.0, 0] ,  [-0.06573152418203317, 115] ,  [0.0, 0] ,  [0.0, 0] ,  [0.03565377522390404, 3] ,  [0.011957471328486131, 10]  ]
L_t_LQuujj1000 = [[94.08305307869011, 46522] , [1, 1] ,  [0.0, 0] ,  [0.17758685932382143, 98] ,  [0.0, 0] ,  [0.0, 0] ,  [0.03565377522390404, 3] ,  [0.006294276688880839, 7]  ]
L_t_LQuujj1100 = [[50.73894517290759, 51332] , [0, 0] ,  [0.0, 0] ,  [0.15542325918366118, 95] ,  [0.0, 0] ,  [0.0, 0] ,  [0.02066019897693514, 3] ,  [0.013485497859721786, 8]  ]
L_t_LQuujj1200 = [[24.11203122918529, 24655] , [0, 0] ,  [0.0, 0] ,  [-0.013137888716501239, 39] ,  [0.0, 0] ,  [0.0, 0] ,  [0.06659097601107372, 2] ,  [0.010582268380589462, 5]  ]
L_t_LQuujj1300 = [[12.675522445179833, 25168] , [1, 1] ,  [0.0, 0] ,  [-0.0289794483901175, 28] ,  [0.0, 0] ,  [0.0, 0] ,  [0.025736894221223855, 1] ,  [0.0027546915637841874, 5]  ]
L_t_LQuujj1400 = [[7.913187502673901, 60291] , [1, 1] ,  [0.0, 0] ,  [0.07095572770067242, 75] ,  [0.0, 0] ,  [0.0, 0] ,  [0.15265828222129382, 3] ,  [0.010051404218243003, 8]  ]
L_t_LQuujj1500 = [[3.8280595164849998, 54962] , [0, 0] ,  [0.0, 0] ,  [0.06241926822410117, 36] ,  [0.0, 0] ,  [0.0, 0] ,  [9.056451710037881e-05, 1] ,  [0.010427707189048572, 4]  ]
L_t_LQuujj1600 = [[2.1895225699498035, 58305] , [1, 1] ,  [0.0, 0] ,  [0.02337549675295802, 29] ,  [0.0, 0] ,  [0.0, 0] ,  [0.025827458738324233, 2] ,  [0.006755516012301732, 3]  ]
L_t_LQuujj1700 = [[1.1555769299833112, 56018] , [0, 0] ,  [0.0, 0] ,  [0.024790108256213222, 25] ,  [0.0, 0] ,  [0.0, 0] ,  [9.056451710037881e-05, 1] ,  [0.006755516012301732, 3]  ]
L_t_LQuujj1800 = [[0.6409023907796508, 56319] , [0, 0] ,  [0.0, 0] ,  [0.03325046742508565, 19] ,  [0.0, 0] ,  [0.0, 0] ,  [0.0, 0] ,  [0.0034293349786328146, 2]  ]
L_t_LQuujj1900 = [[0.3865630076992367, 61463] , [0, 0] ,  [0.0, 0] ,  [0.020236944055513566, 39] ,  [0.0, 0] ,  [0.0, 0] ,  [0.025827458738324233, 2] ,  [0.010427707189048572, 4]  ]
L_t_LQuujj2000 = [[0.21474996946365332, 60437] , [0, 0] ,  [0.0, 0] ,  [0.037156535889840775, 29] ,  [0.0, 0] ,  [0.0, 0] ,  [9.056451710037881e-05, 1] ,  [0.010427707189048572, 4]  ]
L_t_LQuujj2100 = [[0.11927084129926582, 60169] , [1, 1] ,  [0.0, 0] ,  [0.004612897746200606, 25] ,  [0.0, 0] ,  [0.0, 0] ,  [9.056451710037881e-05, 1] ,  [0.0031322096094963036, 2]  ]
L_t_LQuujj2200 = [[0.062331421613025545, 55385] , [0, 0] ,  [0.0, 0] ,  [-0.0040005796713406365, 6] ,  [0.0, 0] ,  [0.0, 0] ,  [0.0, 0] ,  [-0.00019397142417261373, 1]  ]
L_t_LQuujj2300 = [[0.035652383665248526, 28756] , [0, 0] ,  [0.0, 0] ,  [0.003440462174881771, 2] ,  [0.0, 0] ,  [0.0, 0] ,  [9.056451710037881e-05, 1] ,  [0.0034293349786328146, 2]  ]
L_t_LQuujj2400 = [[0.0205276667822498, 58494] , [0, 0] ,  [0.0, 0] ,  [0.014048813860208557, 14] ,  [0.0, 0] ,  [0.0, 0] ,  [0.0, 0] ,  [0.007101526155379654, 3]  ]
L_t_LQuujj2500 = [[0.011847596841227373, 58617] , [1, 1] ,  [0.0, 0] ,  [0.01785477129422328, 20] ,  [0.0, 0] ,  [0.0, 0] ,  [0.0, 0] ,  [-0.0005048313563699976, 3]  ]
L_t_LQuujj2600 = [[0.0065567833349046215, 57766] , [0, 0] ,  [0.0, 0] ,  [-0.0037064080408283394, 14] ,  [0.0, 0] ,  [0.0, 0] ,  [0.0, 0] ,  [0.00311847504643543, 4]  ]
L_t_LQuujj2700 = [[0.003685032431040841, 28501] , [0, 0] ,  [0.0, 0] ,  [0.006658253012004883, 12] ,  [0.0, 0] ,  [0.0, 0] ,  [9.056451710037881e-05, 1] ,  [-0.004711697807766346, 5]  ]
L_t_LQuujj2800 = [[0.002024744720762546, 55934] , [1, 1] ,  [0.0, 0] ,  [0.0012108333439767856, 13] ,  [0.0, 0] ,  [0.0, 0] ,  [0.0, 0] ,  [-0.0007775314727635342, 4]  ]
L_t_LQuujj2900 = [[0.0011254702343814382, 54760] , [1, 1] ,  [0.0, 0] ,  [0.006043222414781744, 10] ,  [0.0, 0] ,  [0.0, 0] ,  [0.0, 0] ,  [-0.00019397142417261373, 1]  ]
L_t_LQuujj3000 = [[0.0006429525263913452, 26045] , [0, 0] ,  [0.0, 0] ,  [0.0010661968804950546, 5] ,  [0.0, 0] ,  [0.0, 0] ,  [0.0, 0] ,  [-0.00019397142417261373, 1]  ]
L_t_LQuujj3500 = [[3.9917034565681634e-05, 24968] , [0, 0] ,  [0.0, 0] ,  [-0.0005471906172782467, 7] ,  [0.0, 0] ,  [0.0, 0] ,  [0.0, 0] ,  [-0.00019397142417261373, 1]  ]
L_t_LQuujj4000 = [[3.356693862366823e-06, 45520] , [1, 1] ,  [0.0, 0] ,  [-0.0005414198773215761, 5] ,  [0.0, 0] ,  [0.0, 0] ,  [0.0, 0] ,  [-0.00019397142417261373, 1]  ]
