headers = ['Signal', 'Data', 'TTBar', 'ZJets', 'WJets', 'sTop', 'VV', 'TTV']
L_t_LQuujj300 = [[20994.94070197045, 6477] , [5, 5] ,  [0.5967921574019944, 12] ,  [1.4542240726603444, 53] ,  [0.0, 0] ,  [0.24057405794872852, 2] ,  [-0.010728055473010175, 15] ,  [0.025529866467218335, 29]  ]
L_t_LQuujj400 = [[5952.1973398578075, 8566] , [0, 0] ,  [0.09422811242808182, 2] ,  [0.049101651704503035, 29] ,  [0.0, 0] ,  [0.0, 0] ,  [0.014018601066855272, 9] ,  [0.035071325493347516, 18]  ]
L_t_LQuujj500 = [[3833.8853723253033, 19963] , [2, 2] ,  [0.2609065411818901, 7] ,  [1.5952573506266134, 71] ,  [0.0, 0] ,  [0.38355703322808776, 2] ,  [0.09719699428359642, 12] ,  [0.0481104046797865, 27]  ]
L_t_LQuujj600 = [[1547.3744885356411, 23951] , [1, 1] ,  [0.0691552183553979, 2] ,  [0.5163583511553963, 45] ,  [0.0, 0] ,  [0.0, 0] ,  [-0.020738694741369457, 4] ,  [0.012096740007710138, 20]  ]
L_t_LQuujj700 = [[792.7546803268688, 32610] , [0, 0] ,  [0.055382877801007535, 1] ,  [0.5585030165458497, 104] ,  [0.0, 0] ,  [0.004508300573389734, 1] ,  [0.026313395590744578, 5] ,  [-1.9306879976593513e-05, 13]  ]
L_t_LQuujj800 = [[376.32032315543944, 37649] , [1, 1] ,  [0.0570302505572967, 1] ,  [0.32198418687905334, 111] ,  [0.0, 0] ,  [0.0, 0] ,  [0.06478949187856477, 5] ,  [0.04258167526015927, 21]  ]
L_t_LQuujj900 = [[186.00950576860637, 42118] , [0, 0] ,  [0.0, 0] ,  [-0.06569536474761174, 115] ,  [0.0, 0] ,  [0.0, 0] ,  [0.03568205111662032, 3] ,  [0.011966954424576768, 10]  ]
L_t_LQuujj1000 = [[94.65095883167997, 46522] , [1, 1] ,  [0.0, 0] ,  [0.17750473826176236, 98] ,  [0.0, 0] ,  [0.0, 0] ,  [0.03568205111662032, 3] ,  [0.006299268482632376, 7]  ]
L_t_LQuujj1100 = [[51.04521647173774, 51332] , [0, 0] ,  [0.0, 0] ,  [0.15538607858971812, 95] ,  [0.0, 0] ,  [0.0, 0] ,  [0.020676583933818393, 3] ,  [0.013496192785807801, 8]  ]
L_t_LQuujj1200 = [[24.2575766893211, 24655] , [0, 0] ,  [0.0, 0] ,  [-0.013126982811569616, 39] ,  [0.0, 0] ,  [0.0, 0] ,  [0.0666437872290089, 2] ,  [0.010590660846283356, 5]  ]
L_t_LQuujj1300 = [[12.752034653098338, 25168] , [1, 1] ,  [0.0, 0] ,  [-0.028960744044306406, 28] ,  [0.0, 0] ,  [0.0, 0] ,  [0.025757305346140624, 1] ,  [0.002756876223406762, 5]  ]
L_t_LQuujj1400 = [[7.960953222006054, 60291] , [1, 1] ,  [0.0, 0] ,  [0.0709763994993973, 75] ,  [0.0, 0] ,  [0.0, 0] ,  [0.15277935072478985, 3] ,  [0.010059375672192498, 8]  ]
L_t_LQuujj1500 = [[3.851166515578477, 54962] , [0, 0] ,  [0.0, 0] ,  [0.062414769726519055, 36] ,  [0.0, 0] ,  [0.0, 0] ,  [9.063634098307708e-05, 1] ,  [0.010435977077101173, 4]  ]
L_t_LQuujj1600 = [[2.202739003973621, 58305] , [1, 1] ,  [0.0, 0] ,  [0.023367279604385057, 29] ,  [0.0, 0] ,  [0.0, 0] ,  [0.0258479416871237, 2] ,  [0.0067608736005180525, 3]  ]
L_t_LQuujj1700 = [[1.1625522434439763, 56018] , [0, 0] ,  [0.0, 0] ,  [0.024793205544916114, 25] ,  [0.0, 0] ,  [0.0, 0] ,  [9.063634098307708e-05, 1] ,  [0.0067608736005180525, 3]  ]
L_t_LQuujj1800 = [[0.6447710168809346, 56319] , [0, 0] ,  [0.0, 0] ,  [0.03325021456814784, 19] ,  [0.0, 0] ,  [0.0, 0] ,  [0.0, 0] ,  [0.003432054676822839, 2]  ]
L_t_LQuujj1900 = [[0.3888963860153246, 61463] , [0, 0] ,  [0.0, 0] ,  [0.02023969196340628, 39] ,  [0.0, 0] ,  [0.0, 0] ,  [0.0258479416871237, 2] ,  [0.010435977077101173, 4]  ]
L_t_LQuujj2000 = [[0.2160462469453226, 60437] , [0, 0] ,  [0.0, 0] ,  [0.03715675420408755, 29] ,  [0.0, 0] ,  [0.0, 0] ,  [9.063634098307708e-05, 1] ,  [0.010435977077101173, 4]  ]
L_t_LQuujj2100 = [[0.11999078601535712, 60169] , [1, 1] ,  [0.0, 0] ,  [0.004615049643573811, 25] ,  [0.0, 0] ,  [0.0, 0] ,  [9.063634098307708e-05, 1] ,  [0.003134693666859845, 2]  ]
L_t_LQuujj2200 = [[0.0627076676187388, 55385] , [0, 0] ,  [0.0, 0] ,  [-0.0039985934913539176, 6] ,  [0.0, 0] ,  [0.0, 0] ,  [0.0, 0] ,  [-0.00019412525683536782, 1]  ]
L_t_LQuujj2300 = [[0.03586758920045132, 28756] , [0, 0] ,  [0.0, 0] ,  [0.0034388411026339497, 2] ,  [0.0, 0] ,  [0.0, 0] ,  [9.063634098307708e-05, 1] ,  [0.003432054676822839, 2]  ]
L_t_LQuujj2400 = [[0.020651576239688385, 58494] , [0, 0] ,  [0.0, 0] ,  [0.014044142540198314, 14] ,  [0.0, 0] ,  [0.0, 0] ,  [0.0, 0] ,  [0.00710715815340596, 3]  ]
L_t_LQuujj2500 = [[0.011919111510289291, 58617] , [1, 1] ,  [0.0, 0] ,  [0.017852955160631404, 20] ,  [0.0, 0] ,  [0.0, 0] ,  [0.0, 0] ,  [-0.000505231722311132, 3]  ]
L_t_LQuujj2600 = [[0.006596361503928311, 57766] , [0, 0] ,  [0.0, 0] ,  [-0.0037025557009385352, 14] ,  [0.0, 0] ,  [0.0, 0] ,  [0.0, 0] ,  [0.0031209482113470754, 4]  ]
L_t_LQuujj2700 = [[0.003707276087566253, 28501] , [0, 0] ,  [0.0, 0] ,  [0.006657657288821628, 12] ,  [0.0, 0] ,  [0.0, 0] ,  [9.063634098307708e-05, 1] ,  [-0.0047154345077619906, 5]  ]
L_t_LQuujj2800 = [[0.0020369665198818224, 55934] , [1, 1] ,  [0.0, 0] ,  [0.0012112920413787573, 13] ,  [0.0, 0] ,  [0.0, 0] ,  [0.0, 0] ,  [-0.0007781481086280204, 4]  ]
L_t_LQuujj2900 = [[0.0011322638172851574, 54760] , [1, 1] ,  [0.0, 0] ,  [0.006043967400551005, 10] ,  [0.0, 0] ,  [0.0, 0] ,  [0.0, 0] ,  [-0.00019412525683536782, 1]  ]
L_t_LQuujj3000 = [[0.0006468335275566925, 26045] , [0, 0] ,  [0.0, 0] ,  [0.0010671878120357809, 5] ,  [0.0, 0] ,  [0.0, 0] ,  [0.0, 0] ,  [-0.00019412525683536782, 1]  ]
L_t_LQuujj3500 = [[4.015798246044405e-05, 24968] , [0, 0] ,  [0.0, 0] ,  [-0.0005462254939540292, 7] ,  [0.0, 0] ,  [0.0, 0] ,  [0.0, 0] ,  [-0.00019412525683536782, 1]  ]
L_t_LQuujj4000 = [[3.3769555959425185e-06, 45520] , [1, 1] ,  [0.0, 0] ,  [-0.0005401027141439586, 5] ,  [0.0, 0] ,  [0.0, 0] ,  [0.0, 0] ,  [-0.00019412525683536782, 1]  ]
