headers = ['Signal', 'Data', 'TTBar', 'ZJets', 'WJets', 'sTop', 'VV', 'TTV']
L_t_LQuujj300 = [[20990.74171383006, 6477] , [5, 5] ,  [0.5900032046085548, 12] ,  [1.4541123948279742, 53] ,  [0.0, 0] ,  [0.24057405794872852, 2] ,  [-0.010710943841245234, 15] ,  [0.02548914541808743, 29]  ]
L_t_LQuujj400 = [[5951.006900389823, 8566] , [0, 0] ,  [0.09315619786091658, 2] ,  [0.0490299462956119, 29] ,  [0.0, 0] ,  [0.0, 0] ,  [0.013996240897305494, 9] ,  [0.03501538547617844, 18]  ]
L_t_LQuujj500 = [[3832.351971531758, 19963] , [2, 2] ,  [0.25788694833316955, 7] ,  [1.5949245642147134, 71] ,  [0.0, 0] ,  [0.38348032182144215, 2] ,  [0.09702255321279742, 12] ,  [0.04802406013208959, 27]  ]
L_t_LQuujj600 = [[1546.7556006352102, 23951] , [1, 1] ,  [0.06833434636692884, 2] ,  [0.5160948768215962, 45] ,  [0.0, 0] ,  [0.0, 0] ,  [-0.020695264216763168, 4] ,  [0.012071407277221918, 20]  ]
L_t_LQuujj700 = [[792.3583664039129, 32610] , [0, 0] ,  [0.054714538307941145, 1] ,  [0.5580397159369885, 104] ,  [0.0, 0] ,  [0.004505145484262354, 1] ,  [0.02625303899043164, 5] ,  [-1.9262594637818944e-05, 13]  ]
L_t_LQuujj800 = [[376.0569666593654, 37649] , [1, 1] ,  [0.05629695757176558, 1] ,  [0.3214907509853707, 111] ,  [0.0, 0] ,  [0.0, 0] ,  [0.0645891676637443, 5] ,  [0.04245001593678906, 21]  ]
L_t_LQuujj900 = [[185.78639292625965, 42118] , [0, 0] ,  [0.0, 0] ,  [-0.06561842974639495, 115] ,  [0.0, 0] ,  [0.0, 0] ,  [0.03556816773742669, 3] ,  [0.011928760510104958, 10]  ]
L_t_LQuujj1000 = [[94.43343666504781, 46522] , [1, 1] ,  [0.0, 0] ,  [0.17706676562565088, 98] ,  [0.0, 0] ,  [0.0, 0] ,  [0.0355325995696817, 3] ,  [0.006272884477513552, 7]  ]
L_t_LQuujj1100 = [[50.902442918675085, 51332] , [0, 0] ,  [0.0, 0] ,  [0.15470523783563223, 95] ,  [0.0, 0] ,  [0.0, 0] ,  [0.020552919673623393, 3] ,  [0.013415473615675626, 8]  ]
L_t_LQuujj1200 = [[24.158281561423692, 24655] , [0, 0] ,  [0.0, 0] ,  [-0.01305441529317624, 39] ,  [0.0, 0] ,  [0.0, 0] ,  [0.06614583063781775, 2] ,  [0.01051152834807531, 5]  ]
L_t_LQuujj1300 = [[12.684596111098324, 25168] , [1, 1] ,  [0.0, 0] ,  [-0.02875115561648632, 28] ,  [0.0, 0] ,  [0.0, 0] ,  [0.025523945238823304, 1] ,  [0.002731899040323781, 5]  ]
L_t_LQuujj1400 = [[7.90618192791635, 60291] , [1, 1] ,  [0.0, 0] ,  [0.07008002376491497, 75] ,  [0.0, 0] ,  [0.0, 0] ,  [0.15065333984470453, 3] ,  [0.009919393783118555, 8]  ]
L_t_LQuujj1500 = [[3.8177861140096407, 54962] , [0, 0] ,  [0.0, 0] ,  [0.061407841237151845, 36] ,  [0.0, 0] ,  [0.0, 0] ,  [8.9035459827799e-05, 1] ,  [0.010251649699600743, 4]  ]
L_t_LQuujj1600 = [[2.1803710560471106, 58305] , [1, 1] ,  [0.0, 0] ,  [0.02270824258266107, 29] ,  [0.0, 0] ,  [0.0, 0] ,  [0.025081622579846, 2] ,  [0.006560432625964658, 3]  ]
L_t_LQuujj1700 = [[1.14948116113198, 56018] , [0, 0] ,  [0.0, 0] ,  [0.024077793120206848, 25] ,  [0.0, 0] ,  [0.0, 0] ,  [8.788766275882023e-05, 1] ,  [0.006555840323124752, 3]  ]
L_t_LQuujj1800 = [[0.6365652925417967, 56319] , [0, 0] ,  [0.0, 0] ,  [0.030877594319041027, 19] ,  [0.0, 0] ,  [0.0, 0] ,  [0.0, 0] ,  [0.003182207449183375, 2]  ]
L_t_LQuujj1900 = [[0.3836015160562863, 61463] , [0, 0] ,  [0.0, 0] ,  [0.018180263207616877, 39] ,  [0.0, 0] ,  [0.0, 0] ,  [0.023182562695933998, 2] ,  [0.009359843650674441, 4]  ]
L_t_LQuujj2000 = [[0.21291295764878154, 60437] , [0, 0] ,  [0.0, 0] ,  [0.03228534610955403, 29] ,  [0.0, 0] ,  [0.0, 0] ,  [7.86319471421384e-05, 1] ,  [0.009053776763300759, 4]  ]
L_t_LQuujj2100 = [[0.11821510081426809, 60169] , [1, 1] ,  [0.0, 0] ,  [0.003936794029499921, 25] ,  [0.0, 0] ,  [0.0, 0] ,  [7.723229848303578e-05, 1] ,  [0.002671109560534935, 2]  ]
L_t_LQuujj2200 = [[0.061724085668602637, 55385] , [0, 0] ,  [0.0, 0] ,  [-0.003305435424439767, 6] ,  [0.0, 0] ,  [0.0, 0] ,  [0.0, 0] ,  [-0.00016018926894554152, 1]  ]
L_t_LQuujj2300 = [[0.03526969409598665, 28756] , [0, 0] ,  [0.0, 0] ,  [0.0028017468450902967, 2] ,  [0.0, 0] ,  [0.0, 0] ,  [7.371475653787153e-05, 1] ,  [0.0027912984149911333, 2]  ]
L_t_LQuujj2400 = [[0.02027077141742341, 58494] , [0, 0] ,  [0.0, 0] ,  [0.010325368561615526, 14] ,  [0.0, 0] ,  [0.0, 0] ,  [0.0, 0] ,  [0.0052166927814292895, 3]  ]
L_t_LQuujj2500 = [[0.011672420549441268, 58617] , [1, 1] ,  [0.0, 0] ,  [0.012871886042104926, 20] ,  [0.0, 0] ,  [0.0, 0] ,  [0.0, 0] ,  [-0.0003637226526133383, 3]  ]
L_t_LQuujj2600 = [[0.00644239443843067, 57766] , [0, 0] ,  [0.0, 0] ,  [-0.0026701912770720577, 14] ,  [0.0, 0] ,  [0.0, 0] ,  [0.0, 0] ,  [0.002246135711825721, 4]  ]
L_t_LQuujj2700 = [[0.0036109677660931708, 28501] , [0, 0] ,  [0.0, 0] ,  [0.004703406995791254, 12] ,  [0.0, 0] ,  [0.0, 0] ,  [6.393909626724718e-05, 1] ,  [-0.0033264871205467925, 5]  ]
L_t_LQuujj2800 = [[0.001976510427910699, 55934] , [1, 1] ,  [0.0, 0] ,  [0.0008520735322303805, 13] ,  [0.0, 0] ,  [0.0, 0] ,  [0.0, 0] ,  [-0.0005465814674006616, 4]  ]
L_t_LQuujj2900 = [[0.0010953628478939156, 54760] , [1, 1] ,  [0.0, 0] ,  [0.004111530651538106, 10] ,  [0.0, 0] ,  [0.0, 0] ,  [0.0, 0] ,  [-0.00013188365276591612, 1]  ]
L_t_LQuujj3000 = [[0.0006231873550005758, 26045] , [0, 0] ,  [0.0, 0] ,  [0.0007183176344521841, 5] ,  [0.0, 0] ,  [0.0, 0] ,  [0.0, 0] ,  [-0.00013063075806469293, 1]  ]
L_t_LQuujj3500 = [[3.853517485149981e-05, 24968] , [0, 0] ,  [0.0, 0] ,  [-0.00019636436643697948, 7] ,  [0.0, 0] ,  [0.0, 0] ,  [0.0, 0] ,  [-6.95086263662131e-05, 1]  ]
L_t_LQuujj4000 = [[3.2249364849441538e-06, 45520] , [1, 1] ,  [0.0, 0] ,  [-7.755855977136146e-05, 5] ,  [0.0, 0] ,  [0.0, 0] ,  [0.0, 0] ,  [-2.7768696233385766e-05, 1]  ]
