headers = ['Signal', 'Data', 'TTBar', 'ZJets', 'WJets', 'sTop', 'VV', 'TTV']
L_t_LQuujj300 = [[142580.98907980128, 14925] , [5683, 5683] ,  [4959.656242329988, 68495] ,  [140.64721709827361, 4772] ,  [5.433435372646254, 15] ,  [367.8188779709878, 1672] ,  [51.67281555875051, 1901] ,  [72.73786604397726, 27945]  ]
L_t_LQuujj400 = [[46064.31989098298, 22441] , [5660, 5660] ,  [4932.530426316014, 68132] ,  [141.4917502727217, 4769] ,  [5.433435372646254, 15] ,  [367.368008253308, 1670] ,  [51.825638619248735, 1899] ,  [72.44124122306351, 27879]  ]
L_t_LQuujj500 = [[15352.957936193508, 27101] , [4977, 4977] ,  [4267.176010493656, 59303] ,  [135.67491862913883, 4698] ,  [5.433435372646254, 15] ,  [337.65057987479804, 1536] ,  [46.99172616927507, 1784] ,  [66.96195383562721, 25744]  ]
L_t_LQuujj600 = [[5793.629508431123, 30052] , [3738, 3738] ,  [3066.4585805910638, 42996] ,  [124.03975445455777, 4456] ,  [5.553002973003946, 14] ,  [280.3665734291682, 1262] ,  [41.28280700031863, 1530] ,  [54.756414514286114, 20926]  ]
L_t_LQuujj700 = [[2311.095995836906, 31808] , [2556, 2556] ,  [2024.3636906588042, 28549] ,  [101.44065671144516, 4133] ,  [4.6431353257389585, 13] ,  [212.0843205332688, 943] ,  [35.92594301742081, 1233] ,  [42.08611874307063, 15810]  ]
L_t_LQuujj800 = [[1001.1375297591724, 33180] , [1718, 1718] ,  [1308.9117114113508, 18569] ,  [78.5509690336292, 3716] ,  [2.110515626980131, 10] ,  [161.7326602507595, 721] ,  [36.88752952845217, 959] ,  [29.75993105019672, 11496]  ]
L_t_LQuujj900 = [[454.34857151220194, 33972] , [1158, 1158] ,  [841.363794519311, 11968] ,  [67.05792729002218, 3272] ,  [2.433926281811305, 9] ,  [117.74914182958426, 529] ,  [29.319820987806125, 753] ,  [21.557335201991727, 8237]  ]
L_t_LQuujj1000 = [[212.8156375284603, 34320] , [768, 768] ,  [545.5157571651072, 7776] ,  [56.50715651642374, 2846] ,  [2.433926281811305, 9] ,  [84.35757801734029, 381] ,  [21.347562303464628, 575] ,  [15.085533566166502, 5872]  ]
L_t_LQuujj1100 = [[105.82748547819313, 34781] , [519, 519] ,  [366.25635968175106, 5231] ,  [49.25521195674237, 2463] ,  [0.635915165157343, 8] ,  [59.34136442747686, 266] ,  [16.750320411362388, 445] ,  [10.873558981109637, 4260]  ]
L_t_LQuujj1200 = [[53.00369859565147, 34773] , [349, 349] ,  [247.1678655359943, 3525] ,  [38.26070281753989, 2148] ,  [0.635915165157343, 8] ,  [44.25734026219936, 196] ,  [9.928566013794681, 340] ,  [7.569093774638431, 3071]  ]
L_t_LQuujj1300 = [[27.553697949811493, 34839] , [252, 252] ,  [167.4072188830175, 2394] ,  [25.948516955281153, 1904] ,  [0.6709648302563905, 7] ,  [32.949169760263835, 151] ,  [6.2070836079612794, 270] ,  [5.79082533626349, 2268]  ]
L_t_LQuujj1400 = [[14.442728450081402, 34683] , [169, 169] ,  [113.7464370910274, 1633] ,  [22.56385863137297, 1713] ,  [0.6366246127165679, 6] ,  [24.149027165665764, 114] ,  [4.948819710368464, 223] ,  [4.38959723228997, 1671]  ]
L_t_LQuujj1500 = [[7.705371032698414, 34477] , [121, 121] ,  [79.45651451353817, 1121] ,  [16.07522524754218, 1531] ,  [-0.4009887285141672, 5] ,  [17.960272687159183, 86] ,  [3.805567388531851, 168] ,  [3.27825840326958, 1279]  ]
L_t_LQuujj1600 = [[4.179345236716304, 34348] , [83, 83] ,  [58.89615895731772, 840] ,  [10.05426174271406, 1361] ,  [0.3626017203951795, 4] ,  [13.79766422151381, 64] ,  [3.2355929014048415, 130] ,  [2.5307181615581857, 948]  ]
L_t_LQuujj1700 = [[2.3106706281204032, 34075] , [62, 62] ,  [43.48362985866343, 615] ,  [7.478487518272281, 1203] ,  [0.3626017203951795, 4] ,  [10.638727023194244, 48] ,  [4.347326407932864, 98] ,  [2.0038549878062564, 715]  ]
L_t_LQuujj1800 = [[1.2788157575810561, 33696] , [47, 47] ,  [30.708552421194558, 436] ,  [6.997486125437124, 1055] ,  [0.3626017203951795, 4] ,  [7.161180529545065, 35] ,  [3.954639209263029, 73] ,  [1.402608776555905, 548]  ]
L_t_LQuujj1900 = [[0.7054936591434867, 33230] , [32, 32] ,  [22.574522676467762, 320] ,  [4.491388846420305, 904] ,  [0.3626017203951795, 4] ,  [5.562426825844985, 25] ,  [2.775103730015952, 63] ,  [0.9794547255403, 423]  ]
L_t_LQuujj2000 = [[0.40047143730675405, 32862] , [22, 22] ,  [16.071623861626517, 232] ,  [4.118491753042438, 780] ,  [0.2715750569056837, 3] ,  [4.581353242518547, 20] ,  [2.5198732058861406, 56] ,  [0.8219215807805138, 329]  ]
L_t_LQuujj2100 = [[0.22358511670831582, 32387] , [13, 13] ,  [12.229596138209697, 176] ,  [2.5539641395069976, 666] ,  [0.24658658839820582, 2] ,  [3.925654265821419, 17] ,  [2.5718410285804802, 44] ,  [0.5608755520605379, 252]  ]
L_t_LQuujj2200 = [[0.12482904707859138, 32117] , [9, 9] ,  [9.165674407295873, 132] ,  [2.0704418264598163, 560] ,  [0.03393071146151955, 1] ,  [3.349114537992043, 14] ,  [1.0086657853097805, 38] ,  [0.4581558595142509, 196]  ]
L_t_LQuujj2300 = [[0.069470768398804, 31435] , [7, 7] ,  [6.187521670932293, 90] ,  [2.6686359447974493, 469] ,  [0.0, 0] ,  [2.0617577924605204, 9] ,  [0.8796223732743323, 31] ,  [0.37129849566747464, 153]  ]
L_t_LQuujj2400 = [[0.03939220414211642, 31054] , [5, 5] ,  [4.2318930833550485, 63] ,  [2.1976292994161817, 391] ,  [0.0, 0] ,  [1.6167312431788847, 7] ,  [1.0536579962719022, 26] ,  [0.29050242796667414, 126]  ]
L_t_LQuujj2500 = [[0.022686551575657955, 30660] , [3, 3] ,  [3.4185758248015157, 49] ,  [2.1025388659421784, 335] ,  [0.0, 0] ,  [0.8407004355442296, 4] ,  [1.062678874710399, 24] ,  [0.1936720376252683, 101]  ]
L_t_LQuujj2600 = [[0.012781471493613975, 30478] , [2, 2] ,  [2.694384849257156, 37] ,  [1.7653428758466683, 281] ,  [0.0, 0] ,  [0.2961144385948819, 1] ,  [1.0462547516872704, 19] ,  [0.15588206815737535, 75]  ]
L_t_LQuujj2700 = [[0.007258767961472046, 29904] , [2, 2] ,  [2.0818062906100265, 27] ,  [1.1384597416339874, 241] ,  [0.0, 0] ,  [0.2961144385948819, 1] ,  [0.48107467705911283, 15] ,  [0.12681682401313296, 61]  ]
L_t_LQuujj2800 = [[0.004067411147538418, 29650] , [2, 2] ,  [1.7667774624139794, 23] ,  [1.5951266383443918, 196] ,  [0.0, 0] ,  [0.2961144385948819, 1] ,  [0.37949865719467624, 11] ,  [0.08490938894192906, 50]  ]
L_t_LQuujj2900 = [[0.002271085776232197, 28911] , [2, 2] ,  [1.631343034490914, 21] ,  [1.5466807769191677, 165] ,  [0.0, 0] ,  [0.2961144385948819, 1] ,  [0.3512489823717582, 9] ,  [0.0651664306544455, 36]  ]
L_t_LQuujj3000 = [[0.0012938511152879137, 28422] , [2, 2] ,  [1.268811034643233, 16] ,  [1.4784034693311496, 137] ,  [0.0, 0] ,  [0.2961144385948819, 1] ,  [0.3512489823717582, 9] ,  [0.04050563207856572, 26]  ]
L_t_LQuujj3500 = [[8.481038367029193e-05, 26351] , [0, 0] ,  [0.3716144056144718, 4] ,  [1.267036937831672, 69] ,  [0.0, 0] ,  [0.0, 0] ,  [0.2330735503759268, 5] ,  [0.022048957820480133, 6]  ]
L_t_LQuujj4000 = [[7.51051763230433e-06, 24234] , [0, 0] ,  [0.07236973010918349, 1] ,  [0.2776005625682489, 34] ,  [0.0, 0] ,  [0.0, 0] ,  [0.024837109536654176, 2] ,  [0.005995252582101848, 3]  ]
