headers = ['Signal', 'Data', 'TTBar', 'ZJets', 'WJets', 'sTop', 'VV', 'TTV']
L_t_LQuujj300 = [[141436.20784230388, 14851] , [5683, 5683] ,  [4923.2936966959105, 67382] ,  [140.1512305399994, 4747] ,  [5.419935557444562, 15] ,  [360.8450021884382, 1642] ,  [51.029745104696794, 1881] ,  [72.57272088512607, 27583]  ]
L_t_LQuujj400 = [[45763.61965560168, 22379] , [5660, 5660] ,  [4895.835260884878, 67024] ,  [141.00511947551672, 4744] ,  [5.419935557444562, 15] ,  [360.39495433974065, 1640] ,  [51.16223423875745, 1878] ,  [72.23503560080847, 27509]  ]
L_t_LQuujj500 = [[15258.928816210388, 27055] , [4977, 4977] ,  [4234.876516791748, 58341] ,  [137.0676226246656, 4672] ,  [5.419935557444562, 15] ,  [330.9378436428156, 1505] ,  [46.53340310706328, 1762] ,  [66.76522373500354, 25409]  ]
L_t_LQuujj600 = [[5755.220271786109, 30020] , [3738, 3738] ,  [3048.651340980154, 42353] ,  [126.34582742357077, 4439] ,  [5.539262944781699, 14] ,  [273.4446906965174, 1231] ,  [40.886989125250736, 1509] ,  [54.8345572347672, 20702]  ]
L_t_LQuujj700 = [[2294.6518306952466, 31792] , [2556, 2556] ,  [2009.801337353061, 28093] ,  [100.69992617154779, 4112] ,  [4.630948920602737, 13] ,  [209.17265359043364, 930] ,  [35.893865845281226, 1221] ,  [41.82185638434665, 15597]  ]
L_t_LQuujj800 = [[992.5414990680687, 33159] , [1718, 1718] ,  [1298.0565649814878, 18255] ,  [78.09182614258913, 3702] ,  [2.1041940581332144, 10] ,  [158.82702398322638, 708] ,  [36.84967100048063, 948] ,  [29.753113536472313, 11347]  ]
L_t_LQuujj900 = [[449.8093109974099, 33969] , [1158, 1158] ,  [832.4689348935677, 11747] ,  [66.6366482532163, 3251] ,  [2.426954976329682, 9] ,  [115.32730463990599, 520] ,  [29.590467846243104, 748] ,  [21.361317595864374, 8130]  ]
L_t_LQuujj1000 = [[210.1314562879401, 34301] , [768, 768] ,  [541.5888262568659, 7665] ,  [55.73083605428882, 2836] ,  [2.426954976329682, 9] ,  [83.75949693689998, 377] ,  [21.439991647943334, 574] ,  [14.963088006704375, 5812]  ]
L_t_LQuujj1100 = [[104.23173210548721, 34783] , [519, 519] ,  [361.68939062479484, 5132] ,  [48.93289415219163, 2441] ,  [0.6320140112391464, 8] ,  [58.33959443700448, 262] ,  [16.627707174240534, 441] ,  [10.745826750132409, 4201]  ]
L_t_LQuujj1200 = [[52.04700146512451, 34772] , [349, 349] ,  [244.39622784249565, 3466] ,  [38.02342570593917, 2136] ,  [0.6320140112391464, 8] ,  [43.56860602344295, 193] ,  [10.079391497496529, 339] ,  [7.423699754110464, 3027]  ]
L_t_LQuujj1300 = [[26.949021720558004, 34836] , [252, 252] ,  [163.98017358550186, 2339] ,  [25.580685597759466, 1892] ,  [0.6669580690233281, 7] ,  [31.868688160049004, 147] ,  [7.54686422245671, 270] ,  [5.712249002402064, 2233]  ]
L_t_LQuujj1400 = [[14.073248911171811, 34684] , [169, 169] ,  [112.11930394166104, 1593] ,  [22.73840521303971, 1703] ,  [0.6327215321998795, 6] ,  [23.176336545077213, 110] ,  [4.775987945577727, 220] ,  [4.356671962755618, 1660]  ]
L_t_LQuujj1500 = [[7.469634914032995, 34477] , [121, 121] ,  [78.09591907989628, 1099] ,  [16.576917726883234, 1525] ,  [-0.4017336521497688, 5] ,  [17.050754044533598, 85] ,  [3.9563788109206635, 165] ,  [3.2848079103590497, 1263]  ]
L_t_LQuujj1600 = [[4.030421232081262, 34345] , [83, 83] ,  [57.844718493341205, 818] ,  [10.20956099243901, 1360] ,  [0.3364034426827458, 3] ,  [13.518742334166186, 63] ,  [3.1717811574284336, 125] ,  [2.466714748086413, 940]  ]
L_t_LQuujj1700 = [[2.21480078904151, 34075] , [62, 62] ,  [42.165880991751465, 594] ,  [7.2973459424952845, 1200] ,  [0.3364034426827458, 3] ,  [10.194793491414273, 46] ,  [4.333000363229337, 97] ,  [1.929781634217542, 707]  ]
L_t_LQuujj1800 = [[1.2182452604387952, 33696] , [47, 47] ,  [29.928905951771366, 423] ,  [6.669394823605816, 1046] ,  [0.3364034426827458, 3] ,  [7.357975026196265, 34] ,  [3.9266712018108785, 73] ,  [1.3690825786839191, 542]  ]
L_t_LQuujj1900 = [[0.6672624441789887, 33224] , [32, 32] ,  [22.52570590878083, 317] ,  [4.778912235610264, 902] ,  [0.3364034426827458, 3] ,  [5.49910479412483, 24] ,  [2.632412324697182, 60] ,  [0.9483295066377875, 419]  ]
L_t_LQuujj2000 = [[0.3763674555332573, 32862] , [22, 22] ,  [16.16249455710753, 232] ,  [4.224551633626429, 779] ,  [0.24580647079792706, 2] ,  [4.5384808758536686, 20] ,  [2.465289563582222, 52] ,  [0.7865107008373118, 323]  ]
L_t_LQuujj2100 = [[0.2084834424204168, 32388] , [13, 13] ,  [12.113025781111284, 173] ,  [2.7678999919594447, 662] ,  [0.24580647079792706, 2] ,  [3.8850857788819306, 17] ,  [2.521403606335254, 42] ,  [0.5287949076900403, 253]  ]
L_t_LQuujj2200 = [[0.11571771514304229, 32114] , [9, 9] ,  [8.868383623019813, 128] ,  [2.5582654866815924, 560] ,  [0.03377053153044283, 1] ,  [3.0916916011083755, 13] ,  [1.005737963336786, 37] ,  [0.4235630012591974, 193]  ]
L_t_LQuujj2300 = [[0.06399015449807334, 31434] , [7, 7] ,  [6.143430905111019, 89] ,  [2.7934843847052573, 465] ,  [0.0, 0] ,  [2.032654867209771, 9] ,  [0.8590453200727941, 29] ,  [0.34759809511028655, 148]  ]
L_t_LQuujj2400 = [[0.03607361381196789, 31054] , [5, 5] ,  [4.111516854332067, 61] ,  [2.2765441410756715, 390] ,  [0.0, 0] ,  [1.5894217259782168, 7] ,  [0.7982635469349698, 25] ,  [0.28172284455968283, 123]  ]
L_t_LQuujj2500 = [[0.02064898830137121, 30660] , [3, 3] ,  [3.2504381874739177, 47] ,  [2.09865133696384, 331] ,  [0.0, 0] ,  [0.8373944340029584, 4] ,  [1.046845235172878, 22] ,  [0.1991668698497698, 97]  ]
L_t_LQuujj2600 = [[0.011568480569612242, 30476] , [2, 2] ,  [2.526805508368428, 34] ,  [1.7704089729632788, 280] ,  [0.0, 0] ,  [0.29471662960781997, 1] ,  [1.0407206596155611, 18] ,  [0.15012088736095042, 73]  ]
L_t_LQuujj2700 = [[0.0065311085036601395, 29904] , [2, 2] ,  [2.0826643651351837, 27] ,  [1.3196750761230673, 242] ,  [0.0, 0] ,  [0.29471662960781997, 1] ,  [0.45046886059261076, 14] ,  [0.1045030651990218, 60]  ]
L_t_LQuujj2800 = [[0.0036392198450514958, 29653] , [2, 2] ,  [1.7651656003207854, 23] ,  [0.837509921096398, 196] ,  [0.0, 0] ,  [0.29471662960781997, 1] ,  [0.4079902401751225, 12] ,  [0.07797617610229363, 49]  ]
L_t_LQuujj2900 = [[0.002021145455491445, 28911] , [2, 2] ,  [1.5521494084145186, 20] ,  [1.5496182648053651, 162] ,  [0.0, 0] ,  [0.29471662960781997, 1] ,  [0.3531156562620108, 9] ,  [0.04481542656926239, 33]  ]
L_t_LQuujj3000 = [[0.0011473096148943275, 28424] , [2, 2] ,  [1.3190868877199111, 16] ,  [1.5004290338699082, 137] ,  [0.0, 0] ,  [0.29471662960781997, 1] ,  [0.3531156562620108, 9] ,  [0.040927397694699864, 26]  ]
L_t_LQuujj3500 = [[7.359361218661409e-05, 26351] , [0, 0] ,  [0.3705419131050737, 4] ,  [1.299624204581428, 72] ,  [0.0, 0] ,  [0.0, 0] ,  [0.2341203932844125, 5] ,  [0.024863701546104025, 7]  ]
L_t_LQuujj4000 = [[6.398096576499863e-06, 24231] , [0, 0] ,  [0.0, 0] ,  [0.2865532730332039, 34] ,  [0.0, 0] ,  [0.0, 0] ,  [0.05013821578305863, 3] ,  [0.006709326039863329, 3]  ]
