headers = ['Signal', 'Data', 'TTBar', 'ZJets', 'WJets', 'sTop', 'VV', 'TTV']
L_t_LQuujj300 = [[143074.6771646695, 15028] , [5683, 5683] ,  [4977.013258290691, 69541] ,  [140.24504645280174, 4794] ,  [5.419935557444562, 15] ,  [373.1408482910524, 1696] ,  [51.968029514324506, 1916] ,  [73.48416501687366, 28309]  ]
L_t_LQuujj400 = [[46057.89157194948, 22522] , [5660, 5660] ,  [4949.709548467669, 69171] ,  [142.19610985830218, 4790] ,  [5.419935557444562, 15] ,  [372.93278061058186, 1695] ,  [52.12029840053206, 1914] ,  [73.12177705658515, 28235]  ]
L_t_LQuujj500 = [[15311.517604495946, 27152] , [4977, 4977] ,  [4282.013433309132, 60210] ,  [135.93557432444337, 4723] ,  [5.419935557444562, 15] ,  [341.29059982038694, 1552] ,  [47.562055432824344, 1797] ,  [67.56952144196147, 26088]  ]
L_t_LQuujj600 = [[5764.280206765611, 30065] , [3738, 3738] ,  [3079.466038449847, 43669] ,  [126.24247683467112, 4480] ,  [5.539262944781699, 14] ,  [282.7995103723639, 1271] ,  [41.50601878524001, 1538] ,  [55.16646786423711, 21206]  ]
L_t_LQuujj700 = [[2297.4892448556366, 31830] , [2556, 2556] ,  [2036.1486892700068, 29051] ,  [100.00571603485609, 4147] ,  [4.630948920602737, 13] ,  [214.52498885432905, 952] ,  [35.89360293591644, 1240] ,  [42.1785676649811, 15996]  ]
L_t_LQuujj800 = [[993.4291691449672, 33193] , [1718, 1718] ,  [1314.739212164858, 18876] ,  [77.9359286412154, 3739] ,  [2.1041940581332144, 10] ,  [163.34505460762745, 730] ,  [36.67160855076289, 969] ,  [29.96407285705045, 11663]  ]
L_t_LQuujj900 = [[449.94255104526496, 33979] , [1158, 1158] ,  [845.7225288708304, 12172] ,  [66.6351286983315, 3280] ,  [2.426954976329682, 9] ,  [120.43734924899258, 540] ,  [29.519431250950504, 759] ,  [21.552791298285104, 8348]  ]
L_t_LQuujj1000 = [[210.23785448893736, 34316] , [768, 768] ,  [548.1369682220853, 7920] ,  [54.0331797751664, 2855] ,  [2.426954976329682, 9] ,  [85.48225800240982, 384] ,  [21.60679877260904, 579] ,  [15.264848453285756, 5964]  ]
L_t_LQuujj1100 = [[104.2512505446647, 34788] , [519, 519] ,  [368.40841589296383, 5329] ,  [48.179816250267436, 2472] ,  [0.6320140112391464, 8] ,  [59.53159354803707, 266] ,  [16.805988467537006, 448] ,  [11.091297685116077, 4329]  ]
L_t_LQuujj1200 = [[52.04963271925163, 34776] , [349, 349] ,  [247.10420710368345, 3570] ,  [37.602157743538235, 2156] ,  [0.6320140112391464, 8] ,  [44.338848256797746, 197] ,  [9.67102493931997, 340] ,  [7.662940253561584, 3110]  ]
L_t_LQuujj1300 = [[26.957799133480904, 34848] , [252, 252] ,  [167.48963155600612, 2429] ,  [24.82643616041963, 1899] ,  [0.6669580690233281, 7] ,  [32.79287976884853, 151] ,  [7.400805348742893, 271] ,  [5.904972343008743, 2293]  ]
L_t_LQuujj1400 = [[14.071517083738016, 34682] , [169, 169] ,  [114.24356418884368, 1659] ,  [22.093536790982338, 1713] ,  [0.6327215321998795, 6] ,  [24.32724625316998, 115] ,  [4.641145745446052, 225] ,  [4.481641295072786, 1710]  ]
L_t_LQuujj1500 = [[7.469326408057142, 34476] , [121, 121] ,  [79.32824868775789, 1136] ,  [16.72414369831151, 1537] ,  [-0.4017336521497688, 5] ,  [18.009422688255185, 86] ,  [3.810427137439148, 166] ,  [3.289567189079347, 1303]  ]
L_t_LQuujj1600 = [[4.030730132162402, 34348] , [83, 83] ,  [58.45080668559268, 843] ,  [9.72919918691784, 1359] ,  [0.3606277694194448, 4] ,  [14.297060313671258, 66] ,  [3.2418334839570595, 131] ,  [2.486064955794783, 958]  ]
L_t_LQuujj1700 = [[2.214951685378138, 34078] , [62, 62] ,  [42.7400025277629, 615] ,  [7.109927313537115, 1203] ,  [0.3606277694194448, 4] ,  [10.872334631708345, 50] ,  [4.32635099588214, 99] ,  [1.9211234355183218, 726]  ]
L_t_LQuujj1800 = [[1.2182298866118806, 33695] , [47, 47] ,  [30.600548843029916, 438] ,  [6.783899342082194, 1049] ,  [0.3364034426827458, 3] ,  [7.387344384948633, 36] ,  [3.9144111165388167, 74] ,  [1.374548683719796, 554]  ]
L_t_LQuujj1900 = [[0.6672577442380339, 33224] , [32, 32] ,  [22.390363891141718, 321] ,  [4.380680219392753, 905] ,  [0.24580647079792706, 2] ,  [5.777134473779506, 25] ,  [2.7710163476714835, 63] ,  [1.0283725229137648, 432]  ]
L_t_LQuujj2000 = [[0.3764168695290714, 32864] , [22, 22] ,  [16.23115390922307, 238] ,  [4.030456852501747, 777] ,  [0.24580647079792706, 2] ,  [4.816510555508343, 21] ,  [2.4813174675209333, 54] ,  [0.7431750135192393, 332]  ]
L_t_LQuujj2100 = [[0.20848163736880276, 32387] , [13, 13] ,  [12.768654480589824, 185] ,  [2.7093783256657997, 666] ,  [0.24580647079792706, 2] ,  [3.94563354662667, 17] ,  [2.5429290256188493, 45] ,  [0.5244346838878566, 257]  ]
L_t_LQuujj2200 = [[0.11572483645478487, 32116] , [9, 9] ,  [9.072626665458879, 132] ,  [2.728062983123481, 559] ,  [0.03377053153044283, 1] ,  [3.0916916011083755, 13] ,  [1.0165992838981897, 38] ,  [0.40478842718441044, 194]  ]
L_t_LQuujj2300 = [[0.06400014608977951, 31438] , [7, 7] ,  [6.485623864438225, 94] ,  [2.6697721078861845, 468] ,  [0.0, 0] ,  [2.032654867209771, 9] ,  [0.8774102835870429, 30] ,  [0.34890250808205464, 159]  ]
L_t_LQuujj2400 = [[0.036070804212830404, 31051] , [5, 5] ,  [4.446381433189961, 67] ,  [2.164156395370403, 391] ,  [0.0, 0] ,  [1.5894217259782168, 7] ,  [1.0432367507214664, 26] ,  [0.29629904373232524, 131]  ]
L_t_LQuujj2500 = [[0.02065036452992169, 30662] , [3, 3] ,  [3.4755397205513874, 52] ,  [1.9235684578603938, 330] ,  [0.0, 0] ,  [0.8373944340029584, 4] ,  [1.052192997910983, 24] ,  [0.18119899975430112, 103]  ]
L_t_LQuujj2600 = [[0.011569667387542087, 30479] , [2, 2] ,  [2.629753972335039, 37] ,  [1.6581793559708629, 278] ,  [0.0, 0] ,  [0.29471662960781997, 1] ,  [1.0359889310034986, 19] ,  [0.15747475258441626, 78]  ]
L_t_LQuujj2700 = [[0.006530924436729598, 29902] , [2, 2] ,  [2.1742064685445195, 28] ,  [1.1583890696952104, 241] ,  [0.0, 0] ,  [0.29471662960781997, 1] ,  [0.4551946087835177, 15] ,  [0.11650306003354856, 60]  ]
L_t_LQuujj2800 = [[0.0036386799773905094, 29649] , [2, 2] ,  [1.8631653937955408, 24] ,  [0.8609230291016909, 196] ,  [0.0, 0] ,  [0.29471662960781997, 1] ,  [0.3754936333312519, 11] ,  [0.09413598687056574, 51]  ]
L_t_LQuujj2900 = [[0.002021180135652179, 28911] , [2, 2] ,  [1.6737915678439264, 21] ,  [1.5177970579219229, 164] ,  [0.0, 0] ,  [0.29471662960781997, 1] ,  [0.3474577605412499, 9] ,  [0.07254337355450034, 32]  ]
L_t_LQuujj3000 = [[0.001147224611424049, 28422] , [2, 2] ,  [1.3512718660265222, 16] ,  [1.4667629460956844, 139] ,  [0.0, 0] ,  [0.29471662960781997, 1] ,  [0.3474577605412499, 9] ,  [0.043074907357090124, 27]  ]
L_t_LQuujj3500 = [[7.359839403192205e-05, 26352] , [0, 0] ,  [0.3630053646322664, 4] ,  [1.2644641603129911, 71] ,  [0.0, 0] ,  [0.0, 0] ,  [0.23036913290324185, 5] ,  [0.024465315838517056, 7]  ]
L_t_LQuujj4000 = [[6.399294460800238e-06, 24235] , [0, 0] ,  [0.1839104834035653, 2] ,  [0.28056527383735436, 34] ,  [0.0, 0] ,  [0.0, 0] ,  [0.02401196851217327, 2] ,  [0.00660182396110541, 3]  ]
