headers = ['Signal', 'Data', 'TTBar', 'ZJets', 'WJets', 'sTop', 'VV', 'TTV']
L_t_LQuujj300 = [[143373.90776574347, 14925] , [5683, 5683] ,  [4950.782621809544, 68495] ,  [143.12115542541076, 4772] ,  [5.553702533725726, 15] ,  [371.6974892191012, 1672] ,  [55.83314166251762, 1901] ,  [74.6379363919217, 27945]  ]
L_t_LQuujj400 = [[46351.32902282249, 22441] , [5660, 5660] ,  [4923.717078619952, 68132] ,  [144.04749733966466, 4769] ,  [5.553702533725726, 15] ,  [371.2413944756859, 1670] ,  [55.99480232550637, 1899] ,  [74.33475910090972, 27879]  ]
L_t_LQuujj500 = [[15470.68172434285, 27101] , [4977, 4977] ,  [4260.426089032165, 59303] ,  [138.01454628640496, 4698] ,  [5.553702533725726, 15] ,  [341.2823624714278, 1536] ,  [50.803402916980616, 1784] ,  [68.71706043591715, 25744]  ]
L_t_LQuujj600 = [[5847.322128881823, 30052] , [3738, 3738] ,  [3063.555847078829, 42996] ,  [126.08609850224713, 4456] ,  [5.674483354297445, 14] ,  [283.55330569630905, 1262] ,  [44.88261021392564, 1530] ,  [56.23912746259913, 20926]  ]
L_t_LQuujj700 = [[2336.850897078289, 31808] , [2556, 2556] ,  [2024.4187220510762, 28549] ,  [102.87757543784656, 4133] ,  [4.753412937763685, 13] ,  [214.69619048378274, 943] ,  [39.22912973694827, 1233] ,  [43.24733698432985, 15810]  ]
L_t_LQuujj800 = [[1014.299945129689, 33180] , [1718, 1718] ,  [1310.6344183401588, 18569] ,  [79.593035523852, 3716] ,  [2.200718641391636, 10] ,  [163.79686675558312, 721] ,  [40.23027479233534, 959] ,  [30.638540309636213, 11496]  ]
L_t_LQuujj900 = [[461.1578397626258, 33972] , [1158, 1158] ,  [843.5624616262912, 11968] ,  [68.26448459351583, 3272] ,  [2.5819510474090963, 9] ,  [119.47484193037336, 529] ,  [31.812559110575638, 753] ,  [22.229515403385662, 8237]  ]
L_t_LQuujj1000 = [[216.38043029110509, 34320] , [768, 768] ,  [547.6576714914237, 7776] ,  [57.93396783305936, 2846] ,  [2.5819510474090963, 9] ,  [85.7914500740609, 381] ,  [23.047536518482808, 575] ,  [15.588974822672924, 5872]  ]
L_t_LQuujj1100 = [[107.65139686708763, 34781] , [519, 519] ,  [368.2430715753661, 5231] ,  [50.71197615724534, 2463] ,  [0.5081207873452857, 8] ,  [60.50585715374622, 266] ,  [18.148467683493056, 445] ,  [11.273971829113561, 4260]  ]
L_t_LQuujj1200 = [[54.00419002999049, 34773] , [349, 349] ,  [248.83999277359106, 3525] ,  [39.57527693755304, 2148] ,  [0.5081207873452857, 8] ,  [45.17647976077321, 196] ,  [10.721731707794063, 340] ,  [7.871847530476285, 3071]  ]
L_t_LQuujj1300 = [[28.086955000037886, 34839] , [252, 252] ,  [168.8791539390473, 2394] ,  [27.016592062884452, 1904] ,  [0.5443441155502318, 7] ,  [33.71597271229383, 151] ,  [6.729343494498917, 270] ,  [6.032181368017225, 2268]  ]
L_t_LQuujj1400 = [[14.731643053359063, 34683] , [169, 169] ,  [115.11242946449852, 1633] ,  [23.57472575727491, 1713] ,  [0.5096250696912993, 6] ,  [24.80640979691086, 114] ,  [5.303127719910361, 223] ,  [4.573415969171945, 1671]  ]
L_t_LQuujj1500 = [[7.8476918731270375, 34477] , [121, 121] ,  [80.59164179589816, 1121] ,  [16.865576912110367, 1531] ,  [-0.5379623569613136, 5] ,  [18.487161257031214, 86] ,  [3.963018086717065, 168] ,  [3.430312493759202, 1279]  ]
L_t_LQuujj1600 = [[4.254375865802344, 34348] , [83, 83] ,  [59.88722310367081, 840] ,  [10.636965182651604, 1361] ,  [0.36588119853963263, 4] ,  [14.215936529932778, 64] ,  [3.3020729278780725, 130] ,  [2.6598926397161464, 948]  ]
L_t_LQuujj1700 = [[2.34978748014269, 34075] , [62, 62] ,  [44.31218091182788, 615] ,  [7.994017708689233, 1203] ,  [0.36588119853963263, 4] ,  [11.004525555538262, 48] ,  [4.700688825334421, 98] ,  [2.1105420619605684, 715]  ]
L_t_LQuujj1800 = [[1.2975197585356413, 33696] , [47, 47] ,  [31.37227606754295, 436] ,  [7.577300600484324, 1055] ,  [0.36588119853963263, 4] ,  [7.340333479539931, 35] ,  [4.249798983583479, 73] ,  [1.4940498613041095, 548]  ]
L_t_LQuujj1900 = [[0.7132058545610775, 33230] , [32, 32] ,  [23.062171377003953, 320] ,  [4.9084078503778645, 904] ,  [0.36588119853963263, 4] ,  [5.685084297782219, 25] ,  [3.0238273977701318, 63] ,  [1.0523028086096056, 423]  ]
L_t_LQuujj2000 = [[0.4037924249976543, 32862] , [22, 22] ,  [16.51644119908215, 232] ,  [4.600611578704201, 780] ,  [0.2741836303559918, 3] ,  [4.693626467053331, 20] ,  [2.7393624961430514, 56] ,  [0.8779018459385206, 329]  ]
L_t_LQuujj2100 = [[0.2245619118677528, 32387] , [13, 13] ,  [12.607802401065854, 176] ,  [2.9156678455066505, 666] ,  [0.2496518499207776, 2] ,  [4.035161411343079, 17] ,  [2.7951900232010947, 44] ,  [0.607718410858416, 252]  ]
L_t_LQuujj2200 = [[0.1251674458708536, 32117] , [9, 9] ,  [9.46786738491637, 132] ,  [2.357557575597264, 560] ,  [0.03502688060024897, 1] ,  [3.455324949729531, 14] ,  [1.1904001868865062, 38] ,  [0.4985773557348729, 196]  ]
L_t_LQuujj2300 = [[0.06945435285972695, 31435] , [7, 7] ,  [6.392221545649788, 90] ,  [2.8930104399608916, 469] ,  [0.0, 0] ,  [2.1585961131668965, 9] ,  [1.0485151236348653, 31] ,  [0.4100388800436979, 153]  ]
L_t_LQuujj2400 = [[0.03926735178589174, 31054] , [5, 5] ,  [4.354247159938809, 63] ,  [2.4064436213409808, 391] ,  [0.0, 0] ,  [1.7137742019606783, 7] ,  [1.2320442763502988, 26] ,  [0.32424800797540193, 126]  ]
L_t_LQuujj2500 = [[0.02255448345911125, 30660] , [3, 3] ,  [3.482069007866995, 49] ,  [2.3129039127232964, 335] ,  [0.0, 0] ,  [0.8788407362730597, 4] ,  [1.244017896194739, 24] ,  [0.2118100985518744, 101]  ]
L_t_LQuujj2600 = [[0.012678898306853958, 30478] , [2, 2] ,  [2.7531185623397354, 37] ,  [1.9363126034957097, 281] ,  [0.0, 0] ,  [0.2981246839229179, 1] ,  [1.226374635935859, 19] ,  [0.1722267863890648, 75]  ]
L_t_LQuujj2700 = [[0.007173944025466174, 29904] , [2, 2] ,  [2.1392916802400856, 27] ,  [1.2714431052703505, 241] ,  [0.0, 0] ,  [0.2981246839229179, 1] ,  [0.553903014908495, 15] ,  [0.1379872565110742, 61]  ]
L_t_LQuujj2800 = [[0.004004173668157427, 29650] , [2, 2] ,  [1.8230361975742546, 23] ,  [1.8045919710539065, 196] ,  [0.0, 0] ,  [0.2981246839229179, 1] ,  [0.435712599711252, 11] ,  [0.09230927055242236, 50]  ]
L_t_LQuujj2900 = [[0.0022305136651642296, 28911] , [2, 2] ,  [1.6876408660015323, 21] ,  [1.7390952992208601, 165] ,  [0.0, 0] ,  [0.2981246839229179, 1] ,  [0.3975237838106912, 9] ,  [0.07191502059187095, 36]  ]
L_t_LQuujj3000 = [[0.0012717133156849507, 28422] , [2, 2] ,  [1.3270520376839914, 16] ,  [1.6532050877277282, 137] ,  [0.0, 0] ,  [0.2981246839229179, 1] ,  [0.3975237838106912, 9] ,  [0.04498408760199759, 26]  ]
L_t_LQuujj3500 = [[8.262143321655985e-05, 26351] , [0, 0] ,  [0.41043166263224135, 4] ,  [1.4270217219046282, 69] ,  [0.0, 0] ,  [0.0, 0] ,  [0.26723508061655393, 5] ,  [0.022737580584405736, 6]  ]
L_t_LQuujj4000 = [[7.267290126683207e-06, 24234] , [0, 0] ,  [0.0790334715551756, 1] ,  [0.3248263133958879, 34] ,  [0.0, 0] ,  [0.0, 0] ,  [0.029078274744037035, 2] ,  [0.006619742765035214, 3]  ]
