headers = ['Signal', 'Data', 'TTBar', 'ZJets', 'WJets', 'sTop', 'VV', 'TTV']
L_t_LQuujj300 = [[142168.03192139676, 14925] , [5683, 5683] ,  [4957.324488020275, 68495] ,  [140.47878480246928, 4772] ,  [5.419935557444562, 15] ,  [366.841738235487, 1672] ,  [51.653091713052035, 1901] ,  [72.73352577997471, 27945]  ]
L_t_LQuujj400 = [[45902.17696153159, 22441] , [5660, 5660] ,  [4930.200261291576, 68132] ,  [141.32376010805282, 4769] ,  [5.419935557444562, 15] ,  [366.3916903867896, 1670] ,  [51.80609256596554, 1899] ,  [72.43675529897787, 27879]  ]
L_t_LQuujj500 = [[15290.29333066495, 27101] , [4977, 4977] ,  [4265.813207898353, 59303] ,  [135.5334014941351, 4698] ,  [5.42101954455605, 15] ,  [336.8100608904435, 1536] ,  [46.97936892168407, 1784] ,  [66.96783013637904, 25744]  ]
L_t_LQuujj600 = [[5764.358990804448, 30052] , [3738, 3738] ,  [3066.061238894455, 42996] ,  [123.94351202589138, 4456] ,  [5.542032908609866, 14] ,  [279.72315484250254, 1262] ,  [41.27699571787102, 1530] ,  [54.771275202937794, 20926]  ]
L_t_LQuujj700 = [[2297.0245120252525, 31808] , [2556, 2556] ,  [2024.2093186050681, 28549] ,  [101.35599698924395, 4133] ,  [4.634191325845297, 13] ,  [211.60441912299123, 943] ,  [35.9266805117785, 1233] ,  [42.098842953464974, 15810]  ]
L_t_LQuujj800 = [[993.8124047018408, 33180] , [1718, 1718] ,  [1309.6415364680518, 18569] ,  [78.53056228718572, 3716] ,  [2.107351864534724, 10] ,  [161.4644463560912, 721] ,  [36.91359001586571, 959] ,  [29.785224191593514, 11496]  ]
L_t_LQuujj900 = [[450.39825786580445, 33972] , [1158, 1158] ,  [841.7701189128874, 11968] ,  [67.04342553086266, 3272] ,  [2.4308402162522995, 9] ,  [117.53749117973929, 529] ,  [29.343509047170645, 753] ,  [21.57133483125533, 8237]  ]
L_t_LQuujj1000 = [[210.72358578887088, 34320] , [768, 768] ,  [546.2187712960332, 7776] ,  [56.522083764758655, 2846] ,  [2.433271056468042, 9] ,  [84.26551858152978, 381] ,  [21.38190452764386, 575] ,  [15.104992088639158, 5872]  ]
L_t_LQuujj1100 = [[104.51900417752434, 34781] , [519, 519] ,  [367.32302459322494, 5231] ,  [49.35044845466821, 2463] ,  [0.6347993952838167, 8] ,  [59.35879091777526, 266] ,  [16.80196312333814, 445] ,  [10.90365514902226, 4260]  ]
L_t_LQuujj1200 = [[52.25833686815387, 34773] , [349, 349] ,  [248.21268754870965, 3525] ,  [38.38184271620495, 2148] ,  [0.6357515943746597, 8] ,  [44.3223034139778, 196] ,  [9.968167654989283, 340] ,  [7.599759736495461, 3071]  ]
L_t_LQuujj1300 = [[27.094549137044325, 34839] , [252, 252] ,  [168.36595343694825, 2394] ,  [26.056481970500855, 1904] ,  [0.6719757468364483, 7] ,  [33.04085667362752, 151] ,  [6.242986230437736, 270] ,  [5.821897639383249, 2268]  ]
L_t_LQuujj1400 = [[14.169583464228635, 34683] , [169, 169] ,  [114.9308618647605, 1633] ,  [22.761063029635334, 1713] ,  [0.6406053007710704, 6] ,  [24.321978629307928, 114] ,  [5.001324920768919, 223] ,  [4.433703795212025, 1671]  ]
L_t_LQuujj1500 = [[7.534587923440239, 34477] , [121, 121] ,  [80.57783325948145, 1121] ,  [16.275388168177976, 1531] ,  [-0.40828489976297955, 5] ,  [18.155309674680566, 86] ,  [3.858634420653807, 168] ,  [3.323403692330776, 1279]  ]
L_t_LQuujj1600 = [[4.072181102980844, 34348] , [83, 83] ,  [60.44484179430642, 840] ,  [10.308723138414093, 1361] ,  [0.37098009125680165, 4] ,  [14.11570717996916, 64] ,  [3.320785350530851, 130] ,  [2.5964579482600434, 948]  ]
L_t_LQuujj1700 = [[2.239918485614624, 34075] , [62, 62] ,  [44.64991638794044, 615] ,  [7.670340388969588, 1203] ,  [0.37123977732289526, 4] ,  [10.887420668007993, 48] ,  [4.4699034400789746, 98] ,  [2.0569675695808463, 715]  ]
L_t_LQuujj1800 = [[1.233935783506748, 33696] , [47, 47] ,  [32.905710899398855, 436] ,  [7.495754026724761, 1055] ,  [0.3875000795681602, 4] ,  [7.639067891004072, 35] ,  [4.242218125536477, 73] ,  [1.5009031997968234, 548]  ]
L_t_LQuujj1900 = [[0.6765723257138262, 33230] , [32, 32] ,  [24.972275157250596, 320] ,  [4.971807985096414, 904] ,  [0.4001713321696763, 4] ,  [6.119319642190374, 25] ,  [3.089644958822364, 63] ,  [1.0816428238176679, 423]  ]
L_t_LQuujj2000 = [[0.3819070591737958, 32862] , [22, 22] ,  [18.355927946024437, 232] ,  [4.714959064341055, 780] ,  [0.3094384546489238, 3] ,  [5.20081606061164, 20] ,  [2.8994504163253296, 56] ,  [0.9371637114259728, 329]  ]
L_t_LQuujj2100 = [[0.211609348806927, 32387] , [13, 13] ,  [14.21374093988215, 176] ,  [2.9880415358104573, 666] ,  [0.28669277104250657, 2] ,  [4.5313128009601975, 17] ,  [3.0103423778266523, 44] ,  [0.6509807560528899, 252]  ]
L_t_LQuujj2200 = [[0.11756675822231621, 32117] , [9, 9] ,  [10.984448572754753, 132] ,  [2.5050923995744223, 560] ,  [0.04063241735311182, 1] ,  [3.9854632656008047, 14] ,  [1.2290434726655055, 38] ,  [0.5491883974373953, 196]  ]
L_t_LQuujj2300 = [[0.06507693886060668, 31435] , [7, 7] ,  [7.5178938627051926, 90] ,  [3.2491815578431, 469] ,  [0.0, 0] ,  [2.480890803533835, 9] ,  [1.0945599494739862, 31] ,  [0.4521894905225418, 153]  ]
L_t_LQuujj2400 = [[0.036751111121199935, 31054] , [5, 5] ,  [5.636764912187458, 63] ,  [2.9378333911394257, 391] ,  [0.0, 0] ,  [2.1290589133762032, 7] ,  [1.404151901635582, 26] ,  [0.38851398661948866, 126]  ]
L_t_LQuujj2500 = [[0.021084973411458697, 30660] , [3, 3] ,  [4.636177746999538, 49] ,  [2.865659639881514, 335] ,  [0.0, 0] ,  [1.1432415991477733, 4] ,  [1.4433977932595927, 24] ,  [0.26382852474787327, 101]  ]
L_t_LQuujj2600 = [[0.0118452980515335, 30478] , [2, 2] ,  [3.651878544346978, 37] ,  [2.4056181460290995, 281] ,  [0.0, 0] ,  [0.4024786611152212, 1] ,  [1.4215954136439888, 19] ,  [0.21278333966220875, 75]  ]
L_t_LQuujj2700 = [[0.006705102147062483, 29904] , [2, 2] ,  [2.873276475898991, 27] ,  [1.5843739919146984, 241] ,  [0.0, 0] ,  [0.4104477386045752, 1] ,  [0.6663745734874299, 15] ,  [0.17651160375989586, 61]  ]
L_t_LQuujj2800 = [[0.0037498970102917903, 29650] , [2, 2] ,  [2.4457217680140504, 23] ,  [2.2224916834770516, 196] ,  [0.0, 0] ,  [0.4122126638797603, 1] ,  [0.5277180469964279, 11] ,  [0.11879181543915418, 50]  ]
L_t_LQuujj2900 = [[0.0020890847060077407, 28911] , [2, 2] ,  [2.3305608681393024, 21] ,  [2.227096121162447, 165] ,  [0.0, 0] ,  [0.4257332392540521, 1] ,  [0.504333264712231, 9] ,  [0.09493776122655762, 36]  ]
L_t_LQuujj3000 = [[0.0011906531258263017, 28422] , [2, 2] ,  [1.8256579646152336, 16] ,  [2.1522064354305317, 137] ,  [0.0, 0] ,  [0.429777705029817, 1] ,  [0.5091244307303753, 9] ,  [0.05985811664276551, 26]  ]
L_t_LQuujj3500 = [[7.668617086632191e-05, 26351] , [0, 0] ,  [0.7857383601660171, 4] ,  [2.718273800060216, 69] ,  [0.0, 0] ,  [0.0, 0] ,  [0.4954988825977644, 5] ,  [0.0485254280524646, 6]  ]
L_t_LQuujj4000 = [[6.69984314280007e-06, 24234] , [0, 0] ,  [0.246416032026406, 1] ,  [0.9720787244137236, 34] ,  [0.0, 0] ,  [0.0, 0] ,  [0.08266122469873782, 2] ,  [0.022726785335978862, 3]  ]
