headers = ['Signal', 'Data', 'TTBar', 'ZJets', 'WJets', 'sTop', 'VV', 'TTV']
L_t_LQuujj300 = [[81593.96416256831, 27866] , [3085, 3085] ,  [2743.896052309772, 16070] ,  [129.839027829888, 6062] ,  [3.7842292758986216, 31] ,  [193.51692135045153, 1125] ,  [17.124052055450214, 1380] ,  [30.887019846632427, 24673]  ]
L_t_LQuujj400 = [[26507.6043012823, 42934] , [3077, 3077] ,  [2727.981192057067, 15984] ,  [129.36407620853163, 6057] ,  [3.7842292758986216, 31] ,  [193.51692135045153, 1125] ,  [17.226529721889396, 1376] ,  [30.722545114057592, 24611]  ]
L_t_LQuujj500 = [[8898.134916422083, 52676] , [2713, 2713] ,  [2366.76397141797, 13910] ,  [115.43565914119591, 5940] ,  [4.509499591775429, 29] ,  [177.55083365420725, 1035] ,  [16.458645128237823, 1298] ,  [28.757844490042444, 22869]  ]
L_t_LQuujj600 = [[3340.4746271325625, 58247] , [2045, 2045] ,  [1721.519207865933, 10142] ,  [106.40847204652476, 5649] ,  [4.509499591775429, 29] ,  [146.4535777524749, 853] ,  [15.04021663835382, 1152] ,  [23.981780874782896, 18979]  ]
L_t_LQuujj700 = [[1344.1048255910528, 61073] , [1366, 1366] ,  [1128.6840022965825, 6714] ,  [75.69531593204525, 5252] ,  [3.877962225697148, 27] ,  [112.78917198691644, 658] ,  [13.728754749293257, 970] ,  [17.738217055157047, 14652]  ]
L_t_LQuujj800 = [[577.5449129169267, 64322] , [906, 906] ,  [715.4584517165059, 4301] ,  [52.43472129559754, 4674] ,  [3.4989078775994873, 23] ,  [85.48516808487486, 502] ,  [10.30226279295718, 774] ,  [12.78380444651156, 10945]  ]
L_t_LQuujj900 = [[262.24943685737685, 65916] , [597, 597] ,  [474.87387049872655, 2872] ,  [33.94624699164282, 4121] ,  [3.3759788422573065, 21] ,  [66.62729052012423, 391] ,  [8.914111657874745, 624] ,  [9.617275141062276, 8082]  ]
L_t_LQuujj1000 = [[122.45145640056715, 47504] , [390, 390] ,  [308.1630653148062, 1887] ,  [26.495270623750304, 3598] ,  [3.006108237659626, 17] ,  [50.08963861440123, 292] ,  [7.338698783538804, 503] ,  [7.032922984946143, 5911]  ]
L_t_LQuujj1100 = [[60.3890065547708, 65923] , [265, 265] ,  [197.02713501405285, 1216] ,  [13.519008304470232, 3122] ,  [2.9101315546888125, 14] ,  [37.40964828046444, 216] ,  [5.658392109694981, 405] ,  [5.059738058706813, 4372]  ]
L_t_LQuujj1200 = [[29.830774535732292, 66842] , [174, 174] ,  [127.9039268625888, 794] ,  [17.243302172801087, 2723] ,  [2.240310561119474, 11] ,  [28.01162220395506, 162] ,  [4.839247056557261, 324] ,  [3.537876510291468, 3246]  ]
L_t_LQuujj1300 = [[15.355292504217468, 66916] , [108, 108] ,  [85.13207775024536, 534] ,  [13.252860094622386, 2369] ,  [1.5719083106547773, 9] ,  [19.5906443755169, 114] ,  [3.4554500182511063, 248] ,  [2.6211287332259166, 2410]  ]
L_t_LQuujj1400 = [[7.980236961915679, 66716] , [72, 72] ,  [53.93342935373146, 343] ,  [11.26814884044691, 2084] ,  [1.3766263630418811, 5] ,  [15.260952722658837, 89] ,  [2.6188862089156912, 182] ,  [1.835022396536851, 1783]  ]
L_t_LQuujj1500 = [[4.228554253163493, 66551] , [45, 45] ,  [39.04708848102073, 242] ,  [9.391279609059815, 1849] ,  [1.3602705554606453, 4] ,  [12.232303572912981, 73] ,  [1.8733071027961619, 146] ,  [1.3751143468104707, 1349]  ]
L_t_LQuujj1600 = [[2.2378901571638012, 65668] , [37, 37] ,  [27.985363431670667, 173] ,  [7.221640628431042, 1635] ,  [1.3390359847299866, 3] ,  [8.860622997661787, 52] ,  [1.0689595904471032, 117] ,  [0.9693150140617262, 1001]  ]
L_t_LQuujj1700 = [[1.2191462174623144, 46497] , [21, 21] ,  [18.862988451430677, 116] ,  [6.333505046040816, 1436] ,  [1.3390359847299866, 3] ,  [6.925358651705438, 39] ,  [1.0089729592210521, 96] ,  [0.7842872196396234, 764]  ]
L_t_LQuujj1800 = [[0.6639690258197672, 64622] , [13, 13] ,  [12.859141318661296, 81] ,  [5.183593856332959, 1240] ,  [1.3390359847299866, 3] ,  [5.131124033750295, 29] ,  [0.8324770344506028, 81] ,  [0.539807758751093, 573]  ]
L_t_LQuujj1900 = [[0.3550897171501854, 57714] , [10, 10] ,  [8.984238514371905, 56] ,  [4.4708674897880805, 1078] ,  [1.3390359847299866, 3] ,  [4.177076514562041, 23] ,  [0.6739294769637705, 63] ,  [0.38540791499380633, 427]  ]
L_t_LQuujj2000 = [[0.19826337080959153, 61072] , [9, 9] ,  [6.435941969242044, 39] ,  [3.7458259302642074, 929] ,  [0.6084566248449435, 1] ,  [3.404579795477009, 19] ,  [0.6816050305694857, 47] ,  [0.25626345291258307, 333]  ]
L_t_LQuujj2100 = [[0.10859167273681802, 61840] , [7, 7] ,  [4.712512130792592, 29] ,  [2.867928117666304, 810] ,  [0.6084566248449435, 1] ,  [3.2658850377434523, 18] ,  [0.5768277851439088, 36] ,  [0.1811240788050108, 270]  ]
L_t_LQuujj2200 = [[0.059105081531211495, 60167] , [7, 7] ,  [3.7665017514616848, 23] ,  [2.248526691456814, 688] ,  [0.6084566248449435, 1] ,  [1.169536301147445, 7] ,  [0.5294326131019125, 28] ,  [0.1124438452816921, 208]  ]
L_t_LQuujj2300 = [[0.03265137124700494, 60219] , [5, 5] ,  [3.2542521510186955, 20] ,  [1.832998535733241, 587] ,  [0.6084566248449435, 1] ,  [0.6114800974357312, 4] ,  [0.49393123241222125, 25] ,  [0.07219354474429715, 161]  ]
L_t_LQuujj2400 = [[0.017980938666148787, 59089] , [4, 4] ,  [2.3655440802654737, 13] ,  [1.5074558040292352, 499] ,  [0.6084566248449435, 1] ,  [0.6114800974357312, 4] ,  [0.22105183936977627, 19] ,  [0.0498540019648352, 122]  ]
L_t_LQuujj2500 = [[0.010158576352603779, 56758] , [3, 3] ,  [1.8251653068338631, 10] ,  [1.406310641116917, 424] ,  [0.0, 0] ,  [0.6114800974357312, 4] ,  [0.19960877779603864, 15] ,  [0.032289789046422816, 93]  ]
L_t_LQuujj2600 = [[0.005568929292828257, 57077] , [1, 1] ,  [0.9594066829621237, 5] ,  [0.9830698785166313, 359] ,  [0.0, 0] ,  [0.41216288836637416, 3] ,  [0.17826423593767063, 12] ,  [0.017232675702977013, 74]  ]
L_t_LQuujj2700 = [[0.0031022425487007847, 55863] , [1, 1] ,  [0.7768191921456598, 4] ,  [0.9646164967651599, 309] ,  [0.0, 0] ,  [0.34035883266576217, 2] ,  [0.23380660272312298, 10] ,  [0.0015555077511745022, 54]  ]
L_t_LQuujj2800 = [[0.0017145742117078914, 55125] , [0, 0] ,  [0.20576105874249762, 1] ,  [0.878343455841364, 268] ,  [0.0, 0] ,  [0.14825592448883448, 1] ,  [0.23380660272312298, 10] ,  [-0.009799538450726987, 45]  ]
L_t_LQuujj2900 = [[0.000944445404729929, 54774] , [0, 0] ,  [0.20576105874249762, 1] ,  [0.726914610349455, 229] ,  [0.0, 0] ,  [0.14825592448883448, 1] ,  [0.24853083140019183, 9] ,  [-0.02309349007224807, 34]  ]
L_t_LQuujj3000 = [[0.0005281946611781012, 52723] , [0, 0] ,  [0.0, 0] ,  [0.5537544799252195, 191] ,  [0.0, 0] ,  [0.0, 0] ,  [0.17547320538139977, 7] ,  [-0.03419618251911784, 26]  ]
L_t_LQuujj3500 = [[3.225280290436113e-05, 40543] , [0, 0] ,  [0.0, 0] ,  [0.12497448202527928, 69] ,  [0.0, 0] ,  [0.0, 0] ,  [0.120545434335592, 2] ,  [0.003081208311748936, 9]  ]
L_t_LQuujj4000 = [[2.664986613289947e-06, 44677] , [0, 0] ,  [0.0, 0] ,  [0.045479547660709226, 30] ,  [0.0, 0] ,  [0.0, 0] ,  [0.0, 0] ,  [-0.0007050386741727806, 2]  ]
