headers = ['Signal', 'Data', 'TTBar', 'ZJets', 'WJets', 'sTop', 'VV', 'TTV']
L_t_LQuujj300 = [[81522.46301521511, 28011] , [3085, 3085] ,  [2729.9673061946432, 16354] ,  [127.43995449445701, 6177] ,  [4.38534271644288, 32] ,  [196.71294739347394, 1150] ,  [16.64794843295196, 1413] ,  [30.11560450952288, 24871]  ]
L_t_LQuujj400 = [[26393.820999025447, 43005] , [3077, 3077] ,  [2715.982094872685, 16275] ,  [127.25715950613669, 6173] ,  [4.38534271644288, 32] ,  [196.52683715153788, 1149] ,  [16.734721544159424, 1408] ,  [29.95741115408372, 24811]  ]
L_t_LQuujj500 = [[8859.2143194903, 52756] , [2713, 2713] ,  [2356.3594682698204, 14162] ,  [114.95946976103974, 6055] ,  [5.106287364431758, 30] ,  [181.46053908233515, 1063] ,  [16.00774333771627, 1324] ,  [28.116794608626797, 23100]  ]
L_t_LQuujj600 = [[3324.1053018456832, 58310] , [2045, 2045] ,  [1720.1896211529406, 10367] ,  [106.24759833131793, 5755] ,  [5.106287364431758, 30] ,  [149.48493012558916, 876] ,  [14.551007917762913, 1178] ,  [23.56115950134463, 19227]  ]
L_t_LQuujj700 = [[1337.371763061883, 61133] , [1366, 1366] ,  [1132.5698515879278, 6882] ,  [74.37430671173368, 5337] ,  [3.854833226339112, 27] ,  [114.29737378826754, 671] ,  [13.343622420023742, 998] ,  [17.568525835135805, 14895]  ]
L_t_LQuujj800 = [[574.469614945385, 64362] , [906, 906] ,  [718.9908641980397, 4421] ,  [51.90189233909299, 4759] ,  [3.4780396397609197, 23] ,  [87.22337410208435, 516] ,  [10.32998801875126, 797] ,  [12.58367535652701, 11114]  ]
L_t_LQuujj900 = [[260.87030190902715, 65968] , [597, 597] ,  [477.11974417868436, 2954] ,  [34.46436467728304, 4189] ,  [3.3558437795798257, 21] ,  [67.9208922396869, 401] ,  [8.902706035850665, 646] ,  [9.501925607946989, 8246]  ]
L_t_LQuujj1000 = [[121.79029074618059, 47532] , [390, 390] ,  [310.47690922135564, 1942] ,  [26.307040488309255, 3663] ,  [2.988179162683523, 17] ,  [50.96625345314185, 300] ,  [7.178953979272227, 515] ,  [7.1417413997313455, 6037]  ]
L_t_LQuujj1100 = [[60.057822311381145, 65957] , [265, 265] ,  [200.1736073625555, 1260] ,  [13.334906172647125, 3180] ,  [3.0554566369241654, 15] ,  [37.89433429515257, 220] ,  [5.555632615682195, 414] ,  [4.9858354946248085, 4466]  ]
L_t_LQuujj1200 = [[29.666645158066625, 66878] , [174, 174] ,  [131.08463458366845, 831] ,  [17.4633457621683, 2778] ,  [2.226948867912001, 11] ,  [29.35076638639976, 170] ,  [4.687447442824776, 332] ,  [3.4597454451594305, 3313]  ]
L_t_LQuujj1300 = [[15.268941140610925, 66938] , [108, 108] ,  [86.0727620661169, 556] ,  [13.517063250380222, 2419] ,  [1.56253311198288, 9] ,  [19.839834710711237, 116] ,  [3.32658009084219, 261] ,  [2.6083219073337496, 2473]  ]
L_t_LQuujj1400 = [[7.9348999741373625, 66737] , [72, 72] ,  [55.4872697802827, 362] ,  [11.231020786517858, 2128] ,  [1.368415867834872, 5] ,  [15.518093455369998, 91] ,  [2.5462472606529603, 192] ,  [1.829488153014789, 1843]  ]
L_t_LQuujj1500 = [[4.204395796611072, 66570] , [45, 45] ,  [40.0077273391239, 253] ,  [9.954052678381847, 1882] ,  [1.3521576098018344, 4] ,  [12.770253567632222, 76] ,  [1.9326676645947336, 152] ,  [1.3812276930165623, 1375]  ]
L_t_LQuujj1600 = [[2.225494815976084, 65695] , [37, 37] ,  [28.246040601039937, 179] ,  [7.237450466589111, 1661] ,  [1.3310496866103247, 3] ,  [9.009081867743948, 53] ,  [1.0360335995058088, 118] ,  [0.9725353062188008, 1035]  ]
L_t_LQuujj1700 = [[1.2122210385427605, 46515] , [21, 21] ,  [18.954691057844613, 119] ,  [6.3399636789351295, 1458] ,  [1.3310496866103247, 3] ,  [6.98790410845295, 40] ,  [0.9036123495968283, 98] ,  [0.7719884297224863, 786]  ]
L_t_LQuujj1800 = [[0.6601781866131119, 64640] , [13, 13] ,  [13.38314907475628, 86] ,  [5.725596024964777, 1268] ,  [1.3310496866103247, 3] ,  [5.271404575888079, 30] ,  [0.8267787907530222, 83] ,  [0.5335206050919028, 596]  ]
L_t_LQuujj1900 = [[0.3530788733515115, 57735] , [10, 10] ,  [9.202490344439315, 58] ,  [4.556045608896649, 1096] ,  [1.3310496866103247, 3] ,  [4.321660354894027, 24] ,  [0.6548004114151211, 64] ,  [0.4148872646017841, 447]  ]
L_t_LQuujj2000 = [[0.19714272731368188, 61093] , [9, 9] ,  [6.287773958808165, 39] ,  [3.7550581375327505, 941] ,  [0.6048276588915938, 1] ,  [3.3842741505735674, 19] ,  [0.6928922870022581, 52] ,  [0.261939118486356, 346]  ]
L_t_LQuujj2100 = [[0.10797330777335722, 61858] , [7, 7] ,  [4.77912762275568, 30] ,  [3.510053245011194, 823] ,  [0.6048276588915938, 1] ,  [3.246406598154525, 18] ,  [0.5438171711797684, 40] ,  [0.1782381996425894, 281]  ]
L_t_LQuujj2200 = [[0.05876755252567451, 60184] , [7, 7] ,  [3.841089311999315, 24] ,  [2.276148072248368, 703] ,  [0.6048276588915938, 1] ,  [1.3483201434732064, 8] ,  [0.5221584918029809, 30] ,  [0.11330226286697474, 215]  ]
L_t_LQuujj2300 = [[0.03246683280806921, 60243] , [5, 5] ,  [3.356087041469032, 21] ,  [1.8742300348728187, 598] ,  [0.6048276588915938, 1] ,  [0.6078330988426751, 4] ,  [0.4766800605899092, 25] ,  [0.07461814252847436, 170]  ]
L_t_LQuujj2400 = [[0.017878952918367476, 59111] , [4, 4] ,  [2.4896156470700914, 14] ,  [1.5119463538395361, 514] ,  [0.6048276588915938, 1] ,  [0.6078330988426751, 4] ,  [0.27432728715877325, 21] ,  [0.057116665121397486, 129]  ]
L_t_LQuujj2500 = [[0.010099843144767353, 56769] , [3, 3] ,  [1.7831464207844043, 10] ,  [1.2418282691888765, 435] ,  [0.0, 0] ,  [0.6078330988426751, 4] ,  [0.1926371892488149, 15] ,  [0.03746847719847088, 97]  ]
L_t_LQuujj2600 = [[0.005536614674834291, 57089] , [1, 1] ,  [0.9373192589159114, 5] ,  [1.0670815001024774, 367] ,  [0.0, 0] ,  [0.4097046604039504, 3] ,  [0.17203813245983385, 12] ,  [0.017568924026461152, 77]  ]
L_t_LQuujj2700 = [[0.0030844744589355443, 55877] , [1, 1] ,  [0.9373192589159114, 5] ,  [0.9966220390565587, 316] ,  [0.0, 0] ,  [0.33832885950870983, 2] ,  [0.22564061196957322, 10] ,  [0.0014218989118239198, 61]  ]
L_t_LQuujj2800 = [[0.0017046345823231001, 55137] , [0, 0] ,  [0.20102403549953718, 1] ,  [0.8567807468081942, 276] ,  [0.0, 0] ,  [0.1473716943228971, 1] ,  [0.22564061196957322, 10] ,  [-0.004222923629759769, 48]  ]
L_t_LQuujj2900 = [[0.0009391327889225361, 54799] , [0, 0] ,  [0.20102403549953718, 1] ,  [0.7234234072350136, 238] ,  [0.0, 0] ,  [0.1473716943228971, 1] ,  [0.23759764258295038, 8] ,  [-0.022142418015436247, 36]  ]
L_t_LQuujj3000 = [[0.0005250853028117143, 52730] , [0, 0] ,  [0.0, 0] ,  [0.5337259376316694, 196] ,  [0.0, 0] ,  [0.0, 0] ,  [0.16934458216908982, 7] ,  [-0.03499323316374562, 27]  ]
L_t_LQuujj3500 = [[3.206975553342043e-05, 40556] , [0, 0] ,  [0.0, 0] ,  [0.12584811503713028, 74] ,  [0.0, 0] ,  [0.0, 0] ,  [0.11633523286693288, 2] ,  [0.0029735932217965838, 9]  ]
L_t_LQuujj4000 = [[2.650314961569735e-06, 44698] , [0, 0] ,  [0.0, 0] ,  [0.044559950353530754, 30] ,  [0.0, 0] ,  [0.0, 0] ,  [0.0, 0] ,  [-0.000680414308448568, 2]  ]
