headers = ['Signal', 'Data', 'TTBar', 'ZJets', 'WJets', 'sTop', 'VV', 'TTV']
L_t_LQuujj300 = [[80332.52882559992, 27866] , [3085, 3085] ,  [2747.208308573649, 16070] ,  [128.20906009377552, 6062] ,  [3.6570248301637105, 31] ,  [189.6964435681685, 1125] ,  [15.830548380481206, 1380] ,  [30.048311979990572, 24673]  ]
L_t_LQuujj400 = [[26072.33673218901, 42934] , [3077, 3077] ,  [2731.260616750111, 15984] ,  [127.71329391457766, 6057] ,  [3.6570248301637105, 31] ,  [189.6964435681685, 1125] ,  [15.9196698083665, 1376] ,  [29.888053745574318, 24611]  ]
L_t_LQuujj500 = [[8738.531654846303, 52676] , [2713, 2713] ,  [2369.0249415846674, 13910] ,  [113.46839877711689, 5940] ,  [4.35234583285311, 29] ,  [174.00804284279513, 1035] ,  [15.19846283058579, 1298] ,  [27.970042691691216, 22869]  ]
L_t_LQuujj600 = [[3275.561495572912, 58247] , [2045, 2045] ,  [1721.9720449587119, 10142] ,  [104.6266225125865, 5649] ,  [4.35234583285311, 29] ,  [143.48718582528107, 853] ,  [13.825521265536683, 1152] ,  [23.30731065938719, 18979]  ]
L_t_LQuujj700 = [[1315.6395787572947, 61073] , [1366, 1366] ,  [1127.8507143995337, 6714] ,  [73.71461395977191, 5252] ,  [3.7328740191885004, 27] ,  [110.44296255416673, 658] ,  [12.618942390300026, 970] ,  [17.213176539546247, 14652]  ]
L_t_LQuujj800 = [[564.3845950316895, 64322] , [906, 906] ,  [714.1078199457107, 4301] ,  [51.42590727767735, 4674] ,  [3.2891130069336976, 23] ,  [83.62347566600414, 502] ,  [9.391318179436254, 774] ,  [12.379855784107086, 10945]  ]
L_t_LQuujj900 = [[255.829946242086, 65916] , [597, 597] ,  [473.6051917821739, 2872] ,  [33.07011081795429, 4121] ,  [3.168506994427883, 21] ,  [65.10333983517735, 391] ,  [8.174949416009216, 624] ,  [9.28957396431599, 8082]  ]
L_t_LQuujj1000 = [[119.20592915358027, 47504] , [390, 390] ,  [306.9667901223019, 1887] ,  [25.72399654983246, 3598] ,  [2.7910482877529765, 17] ,  [48.84850157854533, 292] ,  [6.737086431613065, 503] ,  [6.788364956205099, 5911]  ]
L_t_LQuujj1100 = [[58.66173343568644, 65923] , [265, 265] ,  [195.9994553539512, 1216] ,  [12.637480026638002, 3122] ,  [2.701884722020174, 14] ,  [36.44367990902952, 216] ,  [5.137615728949705, 405] ,  [4.875097308822853, 4372]  ]
L_t_LQuujj1200 = [[28.914819273792915, 66842] , [174, 174] ,  [127.00194644655168, 794] ,  [16.63828135084805, 2723] ,  [2.045345400734054, 11] ,  [27.253249361192868, 162] ,  [4.391012739319928, 324] ,  [3.4157179187829265, 3246]  ]
L_t_LQuujj1300 = [[14.848217032963808, 66916] , [108, 108] ,  [84.40434796501964, 534] ,  [12.672887372581664, 2369] ,  [1.4205034847689562, 9] ,  [19.02287134888399, 114] ,  [3.10626277826, 248] ,  [2.5261595829256196, 2410]  ]
L_t_LQuujj1400 = [[7.699472714300283, 66716] , [72, 72] ,  [53.35754738628474, 343] ,  [10.721811083919157, 2084] ,  [1.2457166501200043, 5] ,  [14.816007044155487, 89] ,  [2.364758770479775, 182] ,  [1.7608491118018235, 1783]  ]
L_t_LQuujj1500 = [[4.070044184176164, 66551] , [45, 45] ,  [38.563782377960194, 242] ,  [8.923021019060059, 1849] ,  [1.2296738135408207, 4] ,  [11.86701878469482, 73] ,  [1.709002193392944, 146] ,  [1.319908064592928, 1349]  ]
L_t_LQuujj1600 = [[2.1487484647125132, 65668] , [37, 37] ,  [27.561664041944994, 173] ,  [6.825859456041388, 1635] ,  [1.20936182520644, 3] ,  [8.588097576674436, 52] ,  [0.964993713647091, 117] ,  [0.9274903885273422, 1001]  ]
L_t_LQuujj1700 = [[1.1675329281268096, 46497] , [21, 21] ,  [18.583493133594715, 116] ,  [5.984702663233622, 1436] ,  [1.20936182520644, 3] ,  [6.682983645448217, 39] ,  [0.9093503297914008, 96] ,  [0.7474919959997585, 764]  ]
L_t_LQuujj1800 = [[0.6343037135463488, 64622] , [13, 13] ,  [12.684687107857398, 81] ,  [4.919066707729723, 1240] ,  [1.20936182520644, 3] ,  [4.937205678569064, 29] ,  [0.7645145587817481, 81] ,  [0.5112792600217747, 573]  ]
L_t_LQuujj1900 = [[0.33838108151491836, 57714] , [10, 10] ,  [8.852349520813565, 56] ,  [4.241845435851211, 1078] ,  [1.20936182520644, 3] ,  [4.003621931639744, 23] ,  [0.6199306708644515, 63] ,  [0.370809534912102, 427]  ]
L_t_LQuujj2000 = [[0.18847233424726934, 61072] , [9, 9] ,  [6.3368493438918225, 39] ,  [3.5372160386928795, 929] ,  [0.5972370475225293, 1] ,  [3.2453845467040665, 19] ,  [0.6205891836139701, 47] ,  [0.24743131007013758, 333]  ]
L_t_LQuujj2100 = [[0.10304548877365269, 61840] , [7, 7] ,  [4.624057004460844, 29] ,  [2.719662832895559, 810] ,  [0.5972370475225293, 1] ,  [3.1098437642028216, 18] ,  [0.5271928736242201, 36] ,  [0.1745551843506929, 270]  ]
L_t_LQuujj2200 = [[0.05593721073542446, 60167] , [7, 7] ,  [3.6790551215636857, 23] ,  [2.132615910767874, 688] ,  [0.5972370475225293, 1] ,  [1.078468414674557, 7] ,  [0.4850832652410653, 28] ,  [0.10936984758995642, 208]  ]
L_t_LQuujj2300 = [[0.030839735013538212, 60219] , [5, 5] ,  [3.167850800155255, 20] ,  [1.7439705331407518, 587] ,  [0.5972370475225293, 1] ,  [0.5493316215331746, 4] ,  [0.4536766164630836, 25] ,  [0.07116269766645471, 161]  ]
L_t_LQuujj2400 = [[0.016953818593900227, 59089] , [4, 4] ,  [2.2967374633768762, 13] ,  [1.4434145326991448, 499] ,  [0.5972370475225293, 1] ,  [0.5493316215331746, 4] ,  [0.2049787911781448, 19] ,  [0.04985201402392593, 122]  ]
L_t_LQuujj2500 = [[0.009558423772084868, 56758] , [3, 3] ,  [1.7966852220987115, 10] ,  [1.323815033825382, 424] ,  [0.0, 0] ,  [0.5493316215331746, 4] ,  [0.1833945671164803, 15] ,  [0.032774158263246436, 93]  ]
L_t_LQuujj2600 = [[0.0052349742564127486, 57077] , [1, 1] ,  [0.9282056974092459, 5] ,  [0.9293595641544451, 359] ,  [0.0, 0] ,  [0.37253548593477287, 3] ,  [0.16586384012700925, 12] ,  [0.019679521437151536, 74]  ]
L_t_LQuujj2700 = [[0.0029096872778362746, 55863] , [1, 1] ,  [0.7490499917162364, 4] ,  [0.9247408443282339, 309] ,  [0.0, 0] ,  [0.3098202641712431, 2] ,  [0.20992265561865006, 10] ,  [0.004484299341995547, 54]  ]
L_t_LQuujj2800 = [[0.001604962672530544, 55125] , [0, 0] ,  [0.20770477575976512, 1] ,  [0.8400969614802277, 268] ,  [0.0, 0] ,  [0.13942327757146997, 1] ,  [0.20992265561865006, 10] ,  [-0.005611066401686248, 45]  ]
L_t_LQuujj2900 = [[0.0008831419017912489, 54774] , [0, 0] ,  [0.20770477575976512, 1] ,  [0.6946887443481881, 229] ,  [0.0, 0] ,  [0.13942327757146997, 1] ,  [0.2223795304027801, 9] ,  [-0.01760703942971251, 34]  ]
L_t_LQuujj3000 = [[0.0004928792169426149, 52723] , [0, 0] ,  [0.0, 0] ,  [0.536020404068901, 191] ,  [0.0, 0] ,  [0.0, 0] ,  [0.151186495646508, 7] ,  [-0.027461569307329917, 26]  ]
L_t_LQuujj3500 = [[2.9886180366067352e-05, 40543] , [0, 0] ,  [0.0, 0] ,  [0.11401854052591154, 69] ,  [0.0, 0] ,  [0.0, 0] ,  [0.10048344009453414, 2] ,  [0.0027969757038051254, 9]  ]
L_t_LQuujj4000 = [[2.4530055171526977e-06, 44677] , [0, 0] ,  [0.0, 0] ,  [0.036964850799165075, 30] ,  [0.0, 0] ,  [0.0, 0] ,  [0.0, 0] ,  [-0.0007547114605011856, 2]  ]
