headers = ['Signal', 'Data', 'TTBar', 'ZJets', 'WJets', 'sTop', 'VV', 'TTV']
L_t_LQuujj300 = [[80741.26828073824, 27742] , [3085, 3085] ,  [2732.0821698134155, 15887] ,  [130.32595017935813, 6032] ,  [3.7616593199787465, 31] ,  [190.0785849480022, 1111] ,  [16.875847908699814, 1371] ,  [30.853765784793847, 24440]  ]
L_t_LQuujj400 = [[26284.672923041326, 42826] , [3077, 3077] ,  [2716.1874116019817, 15801] ,  [130.17536122022887, 6026] ,  [3.7616593199787465, 31] ,  [190.0785849480022, 1111] ,  [16.978764074746127, 1367] ,  [30.690913539926157, 24383]  ]
L_t_LQuujj500 = [[8834.042501773753, 52610] , [2713, 2713] ,  [2357.1492481540986, 13754] ,  [114.88045389240266, 5908] ,  [4.4826039679676235, 29] ,  [174.87071783863138, 1024] ,  [16.301225160003224, 1290] ,  [28.727085682963494, 22658]  ]
L_t_LQuujj600 = [[3317.6494527267064, 58196] , [2045, 2045] ,  [1714.1942762752753, 10028] ,  [106.15429505827385, 5622] ,  [4.4826039679676235, 29] ,  [144.29446615019947, 845] ,  [14.951158002497195, 1148] ,  [23.96937396676966, 18818]  ]
L_t_LQuujj700 = [[1335.2367596220852, 61034] , [1366, 1366] ,  [1124.4974869265727, 6643] ,  [75.13004825494413, 5225] ,  [3.854833226339112, 27] ,  [111.24750682497178, 653] ,  [13.608798799132579, 964] ,  [17.671762775666913, 14526]  ]
L_t_LQuujj800 = [[573.905951444753, 64298] , [906, 906] ,  [710.8772378316792, 4244] ,  [52.17791057984946, 4657] ,  [3.4780396397609197, 23] ,  [84.10620330388704, 497] ,  [10.34245911708718, 769] ,  [12.768095205902993, 10837]  ]
L_t_LQuujj900 = [[260.62873647613407, 65901] , [597, 597] ,  [471.64861797852075, 2832] ,  [33.92766783848099, 4105] ,  [3.3558437795798257, 21] ,  [65.0825620983113, 384] ,  [9.003146450662655, 620] ,  [9.58246367753263, 7998]  ]
L_t_LQuujj1000 = [[121.7051040224405, 47498] , [390, 390] ,  [305.7067674273971, 1857] ,  [26.24549278053741, 3585] ,  [2.988179162683523, 17] ,  [48.952665743894244, 286] ,  [7.3526366114040425, 499] ,  [7.099447735358489, 5858]  ]
L_t_LQuujj1100 = [[60.02498622660958, 65919] , [265, 265] ,  [194.30595950825415, 1191] ,  [13.302076137430136, 3111] ,  [2.892774905257267, 14] ,  [36.531369966470926, 212] ,  [5.668843572903475, 404] ,  [5.064390321289607, 4338]  ]
L_t_LQuujj1200 = [[29.649632557003052, 66835] , [174, 174] ,  [127.34467924654797, 784] ,  [16.88175102386336, 2712] ,  [2.226948867912001, 11] ,  [27.550867094571206, 160] ,  [4.859954084799116, 324] ,  [3.5893874983594825, 3216]  ]
L_t_LQuujj1300 = [[15.262778082138203, 66912] , [108, 108] ,  [84.0486694361299, 524] ,  [13.24261419492887, 2363] ,  [1.56253311198288, 9] ,  [19.18011378598456, 112] ,  [3.4702358103960433, 248] ,  [2.5463572064975604, 2391]  ]
L_t_LQuujj1400 = [[7.932281563731122, 66713] , [72, 72] ,  [53.39640584399069, 337] ,  [11.239554654940049, 2081] ,  [1.368415867834872, 5] ,  [14.876245343779738, 87] ,  [2.6401990046157513, 181] ,  [1.8277904125177817, 1764]  ]
L_t_LQuujj1500 = [[4.203237756777307, 66549] , [45, 45] ,  [39.32398753756805, 242] ,  [9.319656472687175, 1846] ,  [1.3521576098018344, 4] ,  [11.675292424960842, 70] ,  [1.8813229413408616, 146] ,  [1.374683972357234, 1342]  ]
L_t_LQuujj1600 = [[2.2245035689103645, 65667] , [37, 37] ,  [27.834651506069445, 170] ,  [7.0625905333735215, 1632] ,  [1.3310496866103247, 3] ,  [8.807776339624043, 52] ,  [1.0735336442554946, 117] ,  [1.0351256555333772, 995]  ]
L_t_LQuujj1700 = [[1.2118262430704827, 46495] , [21, 21] ,  [18.99675370536, 116] ,  [6.269627489094113, 1433] ,  [1.3310496866103247, 3] ,  [6.884054325750933, 39] ,  [1.0132903315968949, 96] ,  [0.7868870602262443, 758]  ]
L_t_LQuujj1800 = [[0.6599854190776637, 64620] , [13, 13] ,  [12.950330809034622, 81] ,  [5.018957792061843, 1237] ,  [1.3310496866103247, 3] ,  [5.100520908300491, 29] ,  [0.8360391847730803, 81] ,  [0.5458076617606009, 569]  ]
L_t_LQuujj1900 = [[0.3529656221013888, 57713] , [10, 10] ,  [8.997484567221363, 55] ,  [4.4964570046691605, 1077] ,  [1.3310496866103247, 3] ,  [4.15216353336187, 23] ,  [0.6768132058888308, 63] ,  [0.38971642063144357, 422]  ]
L_t_LQuujj2000 = [[0.19707723628033136, 61071] , [9, 9] ,  [6.481581896022824, 39] ,  [3.7635732703826568, 927] ,  [0.6048276588915938, 1] ,  [3.3842741505735674, 19] ,  [0.6845216030140912, 47] ,  [0.2610693260260259, 327]  ]
L_t_LQuujj2100 = [[0.10794400868470941, 61840] , [7, 7] ,  [4.630076420168985, 28] ,  [2.763725155214471, 808] ,  [0.6048276588915938, 1] ,  [3.246406598154525, 18] ,  [0.5792960181351292, 36] ,  [0.17936646217428415, 267]  ]
L_t_LQuujj2200 = [[0.05875356476387328, 60168] , [7, 7] ,  [3.793211573423712, 23] ,  [2.262223749860759, 688] ,  [0.6048276588915938, 1] ,  [1.1625609355342394, 7] ,  [0.5316980432284452, 28] ,  [0.11078053687489915, 207]  ]
L_t_LQuujj2300 = [[0.03245733948710958, 60221] , [5, 5] ,  [3.2773293991679955, 20] ,  [1.8445727333746902, 587] ,  [0.6048276588915938, 1] ,  [0.6078330988426751, 4] ,  [0.49604475293712086, 25] ,  [0.07066742143906354, 160]  ]
L_t_LQuujj2400 = [[0.017873310724688164, 59088] , [4, 4] ,  [2.382319131864135, 13] ,  [1.517096815263512, 499] ,  [0.6048276588915938, 1] ,  [0.6078330988426751, 4] ,  [0.22199771516971947, 19] ,  [0.05006732610691564, 122]  ]
L_t_LQuujj2500 = [[0.01009798842207146, 56758] , [3, 3] ,  [1.8381083090182861, 10] ,  [1.4154695246845383, 424] ,  [0.0, 0] ,  [0.6078330988426751, 4] ,  [0.20046289922254112, 15] ,  [0.03126016521816263, 92]  ]
L_t_LQuujj2600 = [[0.005535940612169742, 57079] , [1, 1] ,  [0.9662102326169599, 5] ,  [0.9900476096297732, 359] ,  [0.0, 0] ,  [0.4097046604039504, 3] ,  [0.17902702455435682, 12] ,  [0.017306413930906664, 74]  ]
L_t_LQuujj2700 = [[0.003083906674882116, 55865] , [1, 1] ,  [0.7823279383743968, 4] ,  [0.9528856714761609, 308] ,  [0.0, 0] ,  [0.33832885950870983, 2] ,  [0.23480705586575795, 10] ,  [0.0015621637335117497, 54]  ]
L_t_LQuujj2800 = [[0.0017043481229700428, 55125] , [0, 0] ,  [0.20722019552468485, 1] ,  [0.8846058752739485, 268] ,  [0.0, 0] ,  [0.1473716943228971, 1] ,  [0.23480705586575795, 10] ,  [-0.009841470453182073, 45]  ]
L_t_LQuujj2900 = [[0.0009388001465711136, 54774] , [0, 0] ,  [0.20722019552468485, 1] ,  [0.7319786485749145, 229] ,  [0.0, 0] ,  [0.1473716943228971, 1] ,  [0.2495942891829066, 9] ,  [-0.023192306591747956, 34]  ]
L_t_LQuujj3000 = [[0.0005250311028369644, 52722] , [0, 0] ,  [0.0, 0] ,  [0.5581357730637618, 191] ,  [0.0, 0] ,  [0.0, 0] ,  [0.17622405124172794, 7] ,  [-0.034342507207423954, 26]  ]
L_t_LQuujj3500 = [[3.206044026278457e-05, 40543] , [0, 0] ,  [0.0, 0] ,  [0.12591015590623986, 69] ,  [0.0, 0] ,  [0.0, 0] ,  [0.1210612455111821, 2] ,  [0.0030943927321318483, 9]  ]
L_t_LQuujj4000 = [[2.6489661781255712e-06, 44675] , [0, 0] ,  [0.0, 0] ,  [0.04583789714529788, 30] ,  [0.0, 0] ,  [0.0, 0] ,  [0.0, 0] ,  [-0.0007080555186461195, 2]  ]
