headers = ['Signal', 'Data', 'TTBar', 'ZJets', 'WJets', 'sTop', 'VV', 'TTV']
L_t_LQuujj300 = [[81918.39344353297, 27866] , [3085, 3085] ,  [2743.220019011368, 16070] ,  [129.77224626206137, 6062] ,  [3.7992759131785356, 31] ,  [194.28637232997588, 1125] ,  [17.133467944076216, 1380] ,  [30.90400348683159, 24673]  ]
L_t_LQuujj400 = [[26613.002330313233, 42934] , [3077, 3077] ,  [2727.309079816628, 15984] ,  [129.29759223725708, 6057] ,  [3.7992759131785356, 31] ,  [194.28637232997588, 1125] ,  [17.23600195922835, 1376] ,  [30.739438315629315, 24611]  ]
L_t_LQuujj500 = [[8933.515174539114, 52676] , [2713, 2713] ,  [2366.180854848081, 13910] ,  [115.37463512137504, 5940] ,  [4.527430007647301, 29] ,  [178.25680118364738, 1035] ,  [16.467695133981845, 1298] ,  [28.773657374747664, 22869]  ]
L_t_LQuujj600 = [[3353.756832409405, 58247] , [2045, 2045] ,  [1721.0950648640867, 10142] ,  [106.35228132863026, 5649] ,  [4.527430007647301, 29] ,  [147.0358981411527, 853] ,  [15.048486702256863, 1152] ,  [23.99496757714966, 18979]  ]
L_t_LQuujj700 = [[1349.4491787743461, 61073] , [1366, 1366] ,  [1128.4059203450831, 6714] ,  [75.65452291536958, 5252] ,  [3.893381558602504, 27] ,  [113.2376378795087, 658] ,  [13.736303688368789, 970] ,  [17.747970650607094, 14652]  ]
L_t_LQuujj800 = [[579.8413141611301, 64322] , [906, 906] ,  [715.2821790998491, 4301] ,  [52.41009957147618, 4674] ,  [3.5128200361585296, 23] ,  [85.8250693496259, 502] ,  [10.307927629687402, 774] ,  [12.790833792048158, 10945]  ]
L_t_LQuujj900 = [[263.292178157015, 65916] , [597, 597] ,  [474.7568724263208, 2872] ,  [33.93194548521771, 4121] ,  [3.3894022173756246, 21] ,  [66.89221016433946, 391] ,  [8.919013201171735, 624] ,  [9.622563328187692, 8082]  ]
L_t_LQuujj1000 = [[122.9383409190589, 47504] , [390, 390] ,  [308.0871409760113, 1887] ,  [26.48494307907911, 3598] ,  [3.018060954310359, 17] ,  [50.28880218742073, 292] ,  [7.342734065035345, 503] ,  [7.036790131537797, 5911]  ]
L_t_LQuujj1100 = [[60.62912188898469, 65923] , [265, 265] ,  [196.97859202939958, 1216] ,  [13.515096516628589, 3122] ,  [2.9217026543098403, 14] ,  [37.55839439688776, 216] ,  [5.661503452135097, 405] ,  [5.062520223225057, 4372]  ]
L_t_LQuujj1200 = [[29.949385965296976, 66842] , [174, 174] ,  [127.87241425718854, 794] ,  [17.235297120184786, 2723] ,  [2.249218356591121, 11] ,  [28.123000423453878, 162] ,  [4.841907981154468, 324] ,  [3.539821858920726, 3246]  ]
L_t_LQuujj1300 = [[15.416347345188417, 66916] , [108, 108] ,  [85.1111031512721, 534] ,  [13.246860817322824, 2369] ,  [1.578158443102709, 9] ,  [19.668539581781367, 114] ,  [3.457350043573334, 248] ,  [2.6225699958515203, 2410]  ]
L_t_LQuujj1400 = [[8.011967526376646, 66716] , [72, 72] ,  [53.92014138893788, 343] ,  [11.263368545801974, 2084] ,  [1.3821000265132206, 5] ,  [15.321632455154496, 89] ,  [2.620326238459366, 182] ,  [1.8360314080988402, 1783]  ]
L_t_LQuujj1500 = [[4.245367590154223, 66551] , [45, 45] ,  [39.037468170514934, 242] ,  [9.387079078352068, 1849] ,  [1.3656791858998527, 4] ,  [12.28094096286492, 73] ,  [1.8743371657149785, 146] ,  [1.3758704717916168, 1349]  ]
L_t_LQuujj1600 = [[2.246788328762862, 65668] , [37, 37] ,  [27.97846847749344, 173] ,  [7.218475247991704, 1635] ,  [1.3443601834764278, 3] ,  [8.895854103020286, 52] ,  [1.0695473721483457, 117] ,  [0.9698480048624043, 1001]  ]
L_t_LQuujj1700 = [[1.2239937173329567, 46497] , [21, 21] ,  [18.8583410420327, 116] ,  [6.330880122686204, 1436] ,  [1.3443601834764278, 3] ,  [6.952894869008443, 39] ,  [1.0095277564723033, 96] ,  [0.7847184704374487, 764]  ]
L_t_LQuujj1800 = [[0.6666090617077183, 64622] , [13, 13] ,  [12.855973120028926, 81] ,  [5.181444347956625, 1240] ,  [1.3443601834764278, 3] ,  [5.151526117383496, 29] ,  [0.832934783061427, 81] ,  [0.5401045792535867, 573]  ]
L_t_LQuujj1900 = [[0.35650160469352443, 57714] , [10, 10] ,  [8.982025003261887, 56] ,  [4.469036028601992, 1078] ,  [1.3443601834764278, 3] ,  [4.193685168695488, 23] ,  [0.6743000460835268, 63] ,  [0.3856198366809972, 427]  ]
L_t_LQuujj2000 = [[0.1990516943515788, 61072] , [9, 9] ,  [6.4343563001806565, 39] ,  [3.7443778897772213, 929] ,  [0.6108759354805098, 1] ,  [3.4181168920793032, 19] ,  [0.6819798201948596, 47] ,  [0.2564043627932416, 333]  ]
L_t_LQuujj2100 = [[0.10902344877155652, 61840] , [7, 7] ,  [4.711351075468769, 29] ,  [2.8670117205631374, 810] ,  [0.6108759354805098, 1] ,  [3.2788706641360705, 18] ,  [0.5771449616021264, 36] ,  [0.18122367229771838, 270]  ]
L_t_LQuujj2200 = [[0.059340091795748305, 60167] , [7, 7] ,  [3.7655737714821425, 23] ,  [2.247886152146823, 688] ,  [0.6108759354805098, 1] ,  [1.174186544889582, 7] ,  [0.529723728692065, 28] ,  [0.11250567403112724, 208]  ]
L_t_LQuujj2300 = [[0.032781197772838125, 60219] , [5, 5] ,  [3.253450377637506, 20] ,  [1.8326489582004586, 587] ,  [0.6108759354805098, 1] ,  [0.6139114298311018, 4] ,  [0.49420282709426394, 25] ,  [0.07223324132864684, 161]  ]
L_t_LQuujj2400 = [[0.018052433452097755, 59089] , [4, 4] ,  [2.364961264248898, 13] ,  [1.507255501324128, 499] ,  [0.6108759354805098, 1] ,  [0.6139114298311018, 4] ,  [0.22117338767465952, 19] ,  [0.049881414853358376, 122]  ]
L_t_LQuujj2500 = [[0.010198968306292178, 56758] , [3, 3] ,  [1.8247156278012064, 10] ,  [1.406221385857769, 424] ,  [0.0, 0] ,  [0.6139114298311018, 4] ,  [0.19971853534725423, 15] ,  [0.03230754401799341, 93]  ]
L_t_LQuujj2600 = [[0.005591072152839477, 57077] , [1, 1] ,  [0.9591703070746886, 5] ,  [0.9831381364143728, 359] ,  [0.0, 0] ,  [0.4138017070079899, 3] ,  [0.17836225690759921, 12] ,  [0.017242151319765635, 74]  ]
L_t_LQuujj2700 = [[0.003114577509132993, 55863] , [1, 1] ,  [0.7766278016444459, 4] ,  [0.9646173633814124, 309] ,  [0.0, 0] ,  [0.34171214810379696, 2] ,  [0.23393516440491002, 10] ,  [0.0015563630678772505, 54]  ]
L_t_LQuujj2800 = [[0.0017213916041997504, 55125] , [0, 0] ,  [0.20571036391857822, 1] ,  [0.8783049802244581, 268] ,  [0.0, 0] ,  [0.14884541126612608, 1] ,  [0.23393516440491002, 10] ,  [-0.009804926857766356, 45]  ]
L_t_LQuujj2900 = [[0.0009482006548481415, 54774] , [0, 0] ,  [0.20571036391857822, 1] ,  [0.7268414582195093, 229] ,  [0.0, 0] ,  [0.14884541126612608, 1] ,  [0.24866748939568298, 9] ,  [-0.023106188336058594, 34]  ]
L_t_LQuujj3000 = [[0.0005302948387573383, 52723] , [0, 0] ,  [0.0, 0] ,  [0.5538033745096173, 191] ,  [0.0, 0] ,  [0.0, 0] ,  [0.17556969166591715, 7] ,  [-0.034214985746589405, 26]  ]
L_t_LQuujj3500 = [[3.238104466541273e-05, 40543] , [0, 0] ,  [0.0, 0] ,  [0.12492272924880167, 69] ,  [0.0, 0] ,  [0.0, 0] ,  [0.12061171785192316, 2] ,  [0.003082902555272776, 9]  ]
L_t_LQuujj4000 = [[2.675582981533638e-06, 44677] , [0, 0] ,  [0.0, 0] ,  [0.04546293254907599, 30] ,  [0.0, 0] ,  [0.0, 0] ,  [0.0, 0] ,  [-0.0007054263490999251, 2]  ]
