headers = ['Signal', 'Data', 'TTBar', 'ZJets', 'WJets', 'sTop', 'VV', 'TTV']
L_t_LQuujj300 = [[81107.32024112198, 27866] , [3085, 3085] ,  [2793.6736148573705, 16070] ,  [129.82442502877723, 6062] ,  [3.7616593199787465, 31] ,  [192.36274488116374, 1125] ,  [17.106955115557735, 1380] ,  [30.856181729575166, 24673]  ]
L_t_LQuujj400 = [[26349.50725773599, 42934] , [3077, 3077] ,  [2777.470039968046, 15984] ,  [129.34959574967306, 6057] ,  [3.7616593199787465, 31] ,  [192.36274488116374, 1125] ,  [17.209330466581296, 1376] ,  [30.691871211323384, 24611]  ]
L_t_LQuujj500 = [[8845.064529246634, 52676] , [2713, 2713] ,  [2410.410033758717, 13910] ,  [115.41940712753902, 5940] ,  [4.4826039679676235, 29] ,  [176.4918823600464, 1035] ,  [16.442212541747363, 1298] ,  [28.729132177261913, 22869]  ]
L_t_LQuujj600 = [[3320.5513192172207, 58247] , [2045, 2045] ,  [1773.58290091674, 10142] ,  [106.39297646887094, 5649] ,  [4.4826039679676235, 29] ,  [145.58009716945796, 853] ,  [15.025200234584254, 1152] ,  [23.957837063773347, 18979]  ]
L_t_LQuujj700 = [[1336.088295816172, 61073] , [1366, 1366] ,  [1176.8162762122413, 6714] ,  [75.6798648455218, 5252] ,  [3.854833226339112, 27] ,  [112.11647314802839, 658] ,  [13.715047731001832, 970] ,  [17.7205069226597, 14652]  ]
L_t_LQuujj800 = [[574.1003110506201, 64322] , [906, 906] ,  [755.9151405875243, 4301] ,  [52.42762622242041, 4674] ,  [3.4780396397609197, 23] ,  [84.97531618774849, 502] ,  [10.291976841527127, 774] ,  [12.771040882402291, 10945]  ]
L_t_LQuujj900 = [[260.68532490793524, 65916] , [597, 597] ,  [509.4203611824633, 2872] ,  [33.941060286085786, 4121] ,  [3.3558437795798257, 21] ,  [66.22991105380159, 391] ,  [8.905211659748332, 624] ,  [9.607673092757153, 8082]  ]
L_t_LQuujj1000 = [[121.72112962283099, 47504] , [390, 390] ,  [335.82104846738486, 1887] ,  [26.4907124601553, 3598] ,  [2.988179162683523, 17] ,  [49.79089325487203, 292] ,  [7.331371703967607, 503] ,  [7.025901197044979, 5911]  ]
L_t_LQuujj1100 = [[60.028833553450184, 65923] , [265, 265] ,  [218.3560504706858, 1216] ,  [13.516310632854088, 3122] ,  [2.892774905257267, 14] ,  [37.18652910582949, 216] ,  [5.652742676402295, 405] ,  [5.054686331628365, 4372]  ]
L_t_LQuujj1200 = [[29.652857391383634, 66842] , [174, 174] ,  [144.82011961670366, 794] ,  [17.244941214457402, 2723] ,  [2.226948867912001, 11] ,  [27.844554874706816, 162] ,  [4.834415471382034, 324] ,  [3.5343442352290206, 3246]  ]
L_t_LQuujj1300 = [[15.263710242760869, 66916] , [108, 108] ,  [97.31094698556043, 534] ,  [13.254660058455608, 2369] ,  [1.56253311198288, 9] ,  [19.473801566120173, 114] ,  [3.452000039176512, 248] ,  [2.6185117544724497, 2410]  ]
L_t_LQuujj1400 = [[7.9326411152244045, 66716] , [72, 72] ,  [62.042834697856364, 343] ,  [11.270117831721727, 2084] ,  [1.368415867834872, 5] ,  [15.169933123915348, 89] ,  [2.616271469135987, 182] ,  [1.8331902794939172, 1783]  ]
L_t_LQuujj1500 = [[4.203334247677379, 66551] , [45, 45] ,  [46.19520743075279, 242] ,  [9.392940231712533, 1849] ,  [1.3521576098018344, 4] ,  [12.159347487985068, 73] ,  [1.8714367616623602, 146] ,  [1.373741409654211, 1349]  ]
L_t_LQuujj1600 = [[2.224542899765215, 65668] , [37, 37] ,  [33.6906542665915, 173] ,  [7.223177727219271, 1635] ,  [1.3310496866103247, 3] ,  [8.807776339624043, 52] ,  [1.0678923233186095, 117] ,  [0.9683472337443902, 1001]  ]
L_t_LQuujj1700 = [[1.211874967656384, 46497] , [21, 21] ,  [22.848133949683156, 116] ,  [6.334911335602826, 1436] ,  [1.3310496866103247, 3] ,  [6.884054325750933, 39] ,  [1.007965583748173, 96] ,  [0.7835041741659702, 764]  ]
L_t_LQuujj1800 = [[0.6600089719878458, 64622] , [13, 13] ,  [15.422821144628069, 81] ,  [5.184791969027073, 1240] ,  [1.3310496866103247, 3] ,  [5.100520908300491, 29] ,  [0.8316458754600907, 81] ,  [0.5392688056589747, 573]  ]
L_t_LQuujj1900 = [[0.35297188583517414, 57714] , [10, 10] ,  [11.124928537464621, 56] ,  [4.472078141031708, 1078] ,  [1.3310496866103247, 3] ,  [4.15216353336187, 23] ,  [0.6732566145056257, 63] ,  [0.3850231172873162, 427]  ]
L_t_LQuujj2000 = [[0.19708088549661246, 61072] , [9, 9] ,  [7.898639793493576, 39] ,  [3.747014557965178, 929] ,  [0.6048276588915938, 1] ,  [3.3842741505735674, 19] ,  [0.6809245047102832, 47] ,  [0.2560075951963773, 333]  ]
L_t_LQuujj2100 = [[0.10794400868470941, 61840] , [7, 7] ,  [5.941888079138484, 29] ,  [2.868896196105672, 810] ,  [0.6048276588915938, 1] ,  [3.246406598154525, 18] ,  [0.5762518706384523, 36] ,  [0.18094324149627178, 270]  ]
L_t_LQuujj2200 = [[0.058752566134404764, 60167] , [7, 7] ,  [4.71028702436516, 23] ,  [2.2494557493644125, 688] ,  [0.6048276588915938, 1] ,  [1.1625609355342394, 7] ,  [0.528904018728687, 28] ,  [0.11233157946646119, 208]  ]
L_t_LQuujj2300 = [[0.03245663145825545, 60219] , [5, 5] ,  [4.0491766509869604, 20] ,  [1.8338185255435484, 587] ,  [0.6048276588915938, 1] ,  [0.6078330988426751, 4] ,  [0.4934380832110724, 25] ,  [0.07212146550212228, 161]  ]
L_t_LQuujj2400 = [[0.017873696487225605, 59089] , [4, 4] ,  [2.7981170335662293, 13] ,  [1.5082139181216345, 499] ,  [0.6048276588915938, 1] ,  [0.6078330988426751, 4] ,  [0.22083113751728287, 19] ,  [0.049804226895696586, 122]  ]
L_t_LQuujj2500 = [[0.01009798842207146, 56758] , [3, 3] ,  [2.1247870879269852, 10] ,  [1.4070252933871648, 424] ,  [0.0, 0] ,  [0.6078330988426751, 4] ,  [0.1994094850547562, 15] ,  [0.032257550381141885, 93]  ]
L_t_LQuujj2600 = [[0.005535715002811327, 57077] , [1, 1] ,  [1.2120906176680115, 5] ,  [0.9836398818015996, 359] ,  [0.0, 0] ,  [0.4097046604039504, 3] ,  [0.17808625394386798, 12] ,  [0.017215470311418554, 74]  ]
L_t_LQuujj2700 = [[0.003083740108052458, 55863] , [1, 1] ,  [0.9610586226893852, 4] ,  [0.9650944455247376, 309] ,  [0.0, 0] ,  [0.33832885950870983, 2] ,  [0.23357316630163336, 10] ,  [0.0015539547062270592, 54]  ]
L_t_LQuujj2800 = [[0.0017043481229700428, 55125] , [0, 0] ,  [0.29652223198487054, 1] ,  [0.8787425365691345, 268] ,  [0.0, 0] ,  [0.1473716943228971, 1] ,  [0.23357316630163336, 10] ,  [-0.009789754427685968, 45]  ]
L_t_LQuujj2900 = [[0.0009388125295526121, 54774] , [0, 0] ,  [0.29652223198487054, 1] ,  [0.727219588165142, 229] ,  [0.0, 0] ,  [0.1473716943228971, 1] ,  [0.2482826940625966, 9] ,  [-0.02307043314562844, 34]  ]
L_t_LQuujj3000 = [[0.0005250443948092446, 52723] , [0, 0] ,  [0.0, 0] ,  [0.553960820768648, 191] ,  [0.0, 0] ,  [0.0, 0] ,  [0.17529800999917156, 7] ,  [-0.03416204047871823, 26]  ]
L_t_LQuujj3500 = [[3.206044026278457e-05, 40543] , [0, 0] ,  [0.0, 0] ,  [0.12499582502393712, 69] ,  [0.0, 0] ,  [0.0, 0] ,  [0.12042507975838812, 2] ,  [0.0030781319818515697, 9]  ]
L_t_LQuujj4000 = [[2.6490920609243884e-06, 44677] , [0, 0] ,  [0.0, 0] ,  [0.04548914449567819, 30] ,  [0.0, 0] ,  [0.0, 0] ,  [0.0, 0] ,  [-0.0007043347517719852, 2]  ]
