headers = ['Signal', 'Data', 'TTBar', 'ZJets', 'WJets', 'sTop', 'VV', 'TTV']
L_t_LQuujj300 = [[92323.20001288598, 29415] , [3998, 3998] ,  [3558.7683793467963, 74156] ,  [95.75891896773871, 5408] ,  [3.6102975246656683, 16] ,  [222.73626952904908, 1321] ,  [25.653981867942708, 1622] ,  [37.320810335496795, 24954]  ]
L_t_LQuujj400 = [[30308.485683191633, 44907] , [3979, 3979] ,  [3539.6082481691037, 73776] ,  [95.12516672283462, 5406] ,  [3.6102975246656683, 16] ,  [221.08310647053057, 1313] ,  [25.602675959354112, 1617] ,  [37.17261407623226, 24882]  ]
L_t_LQuujj500 = [[10137.769449755438, 54151] , [3495, 3495] ,  [3047.4372898911947, 64003] ,  [92.3822278694641, 5343] ,  [3.6102975246656683, 16] ,  [204.6298524907843, 1215] ,  [24.129752218737675, 1502] ,  [34.20355257634437, 23001]  ]
L_t_LQuujj600 = [[3795.4075329520856, 60181] , [2591, 2591] ,  [2183.1419812937593, 46475] ,  [79.56132532710309, 5137] ,  [3.7691179615565837, 14] ,  [168.41905774219174, 1000] ,  [20.28337129145892, 1270] ,  [27.681446814492034, 18872]  ]
L_t_LQuujj700 = [[1520.3207812164255, 63907] , [1797, 1797] ,  [1425.386283310129, 30830] ,  [65.44341150622115, 4859] ,  [2.8940340235442426, 12] ,  [129.7427556660124, 772] ,  [16.734109964278424, 1016] ,  [20.288062408831195, 14291]  ]
L_t_LQuujj800 = [[653.3522028684765, 66392] , [1225, 1225] ,  [907.9892697526301, 19900] ,  [53.3466058001236, 4421] ,  [1.9142163875075207, 10] ,  [96.68303705821822, 581] ,  [12.90741186223063, 793] ,  [15.157250443410733, 10575]  ]
L_t_LQuujj900 = [[295.77887408731294, 67918] , [834, 834] ,  [576.3020946402171, 12759] ,  [39.394926183691155, 3997] ,  [1.9142163875075207, 10] ,  [73.45426253384163, 437] ,  [10.641924071860641, 630] ,  [10.792035154379027, 7668]  ]
L_t_LQuujj1000 = [[138.49310842015012, 68863] , [565, 565] ,  [369.2812080708216, 8249] ,  [29.813056548516915, 3546] ,  [1.9142163875075207, 10] ,  [56.97482070214869, 337] ,  [9.101812307155923, 494] ,  [7.710837081128691, 5585]  ]
L_t_LQuujj1100 = [[67.41786247429734, 68524] , [394, 394] ,  [237.51295250069612, 5366] ,  [23.893923833416903, 3170] ,  [1.029529951142057, 9] ,  [42.842003323163695, 254] ,  [8.196093815835535, 382] ,  [5.633920519682889, 4037]  ]
L_t_LQuujj1200 = [[33.73227070096729, 34642] , [271, 271] ,  [155.8032828736696, 3569] ,  [17.061934998927683, 2876] ,  [1.9746289525442573, 6] ,  [32.32820736768866, 194] ,  [7.535256484239358, 298] ,  [3.9769378047914015, 2941]  ]
L_t_LQuujj1300 = [[17.317902350292666, 34471] , [192, 192] ,  [103.72884687613211, 2402] ,  [11.92761756551016, 2631] ,  [1.9746289525442573, 6] ,  [23.945340564481363, 145] ,  [7.303508059334374, 237] ,  [2.7872304784003714, 2154]  ]
L_t_LQuujj1400 = [[9.014740864054222, 68650] , [130, 130] ,  [69.72769884885685, 1640] ,  [10.981571153324989, 2443] ,  [1.9746289525442573, 6] ,  [18.47825971815259, 114] ,  [5.451980552371523, 186] ,  [2.036009099106482, 1587]  ]
L_t_LQuujj1500 = [[4.7599821603273105, 68319] , [92, 92] ,  [49.11773949195663, 1152] ,  [8.614376865570813, 2228] ,  [1.186535912821635, 5] ,  [15.692604468484516, 100] ,  [5.200793672827817, 151] ,  [1.5022938396674417, 1201]  ]
L_t_LQuujj1600 = [[2.5332837047677708, 67422] , [68, 68] ,  [35.410700616176946, 825] ,  [7.362032219852566, 2024] ,  [1.186535912821635, 5] ,  [12.202571393176354, 79] ,  [4.6737464408959175, 117] ,  [1.1176974693385244, 891]  ]
L_t_LQuujj1700 = [[1.3749512906020023, 66515] , [48, 48] ,  [23.72613184699744, 562] ,  [6.361277261450767, 1805] ,  [0.1965936726417521, 3] ,  [9.359313330314185, 58] ,  [2.517679754831365, 86] ,  [0.8547771023410253, 664]  ]
L_t_LQuujj1800 = [[0.7538271129608374, 66098] , [33, 33] ,  [16.457537060302222, 399] ,  [4.767866422515184, 1588] ,  [-0.24452091252538036, 1] ,  [7.487801722536787, 46] ,  [2.228835156023304, 70] ,  [0.5381399104578367, 510]  ]
L_t_LQuujj1900 = [[0.4114356330933073, 65165] , [26, 26] ,  [12.284518977346925, 300] ,  [4.407216453926645, 1372] ,  [-0.24452091252538036, 1] ,  [4.658594911680985, 29] ,  [1.9472660267359883, 49] ,  [0.44015831728020033, 402]  ]
L_t_LQuujj2000 = [[0.2301099045217389, 64500] , [20, 20] ,  [8.642519550824892, 215] ,  [3.8864442067209666, 1162] ,  [-0.24452091252538036, 1] ,  [3.8460783131718266, 24] ,  [1.608089784313588, 37] ,  [0.3440412705833827, 305]  ]
L_t_LQuujj2100 = [[0.1263364146063844, 63455] , [14, 14] ,  [5.95035103428327, 153] ,  [3.7227985829039314, 990] ,  [0.0, 0] ,  [3.4957798443734873, 22] ,  [1.3648832809566522, 33] ,  [0.23916490976699548, 234]  ]
L_t_LQuujj2200 = [[0.06902224504273757, 61032] , [12, 12] ,  [4.451062938027721, 111] ,  [2.4307766289009756, 844] ,  [0.0, 0] ,  [2.6085739852048153, 17] ,  [0.4850556912030069, 26] ,  [0.1820853780017811, 183]  ]
L_t_LQuujj2300 = [[0.03834686984375548, 30773] , [7, 7] ,  [3.3674373733140626, 83] ,  [1.8367504287778926, 726] ,  [0.0, 0] ,  [2.0664193206984285, 14] ,  [0.47286648386050045, 22] ,  [0.1485562136167544, 143]  ]
L_t_LQuujj2400 = [[0.021402237257670053, 60692] , [5, 5] ,  [2.422406534982123, 60] ,  [1.3062561630277385, 623] ,  [0.0, 0] ,  [1.6578760513467887, 12] ,  [0.40090331292194686, 18] ,  [0.10765023947945376, 119]  ]
L_t_LQuujj2500 = [[0.01213210736018412, 59731] , [4, 4] ,  [1.7208626969530278, 44] ,  [0.8237809944511143, 538] ,  [0.0, 0] ,  [1.6578760513467887, 12] ,  [0.3451137891906602, 14] ,  [0.06642759863427516, 94]  ]
L_t_LQuujj2600 = [[0.00668752118560215, 58629] , [3, 3] ,  [1.2661145743475237, 31] ,  [0.6609643141158276, 478] ,  [0.0, 0] ,  [1.3221438019374834, 9] ,  [0.358664663862519, 12] ,  [0.04127710022328479, 81]  ]
L_t_LQuujj2700 = [[0.003754965863083693, 28900] , [3, 3] ,  [1.030618993431856, 24] ,  [0.6136360188468568, 422] ,  [0.0, 0] ,  [0.8502512264469783, 7] ,  [0.3032696859100525, 9] ,  [0.0086632568299888, 65]  ]
L_t_LQuujj2800 = [[0.0020597951730301585, 56622] , [3, 3] ,  [0.9446122213444624, 22] ,  [0.6795983617898885, 372] ,  [0.0, 0] ,  [0.7038261101826387, 6] ,  [0.28014338130104816, 8] ,  [-0.0017806619332998413, 52]  ]
L_t_LQuujj2900 = [[0.0011456916996216262, 55449] , [2, 2] ,  [0.7662131860521152, 18] ,  [0.6552334150153455, 322] ,  [0.0, 0] ,  [0.49856681140637105, 4] ,  [0.28014338130104816, 8] ,  [-0.018409772336752006, 40]  ]
L_t_LQuujj3000 = [[0.0006558361078410286, 26419] , [2, 2] ,  [0.6217515870635265, 15] ,  [0.49196010698911496, 279] ,  [0.0, 0] ,  [0.49856681140637105, 4] ,  [0.1673976408721813, 5] ,  [-0.031125480406274088, 32]  ]
L_t_LQuujj3500 = [[4.0353837641388236e-05, 25100] , [1, 1] ,  [0.34764331664464154, 7] ,  [0.29879885179329635, 128] ,  [0.0, 0] ,  [0.0, 0] ,  [0.16717421024806764, 4] ,  [-0.06508693166945159, 9]  ]
L_t_LQuujj4000 = [[3.387397656316786e-06, 45663] , [1, 1] ,  [0.0531891434733327, 1] ,  [0.21585622047081718, 65] ,  [0.0, 0] ,  [0.0, 0] ,  [8.137821880246857e-05, 1] ,  [0.0024348610307846482, 4]  ]
