headers = ['Signal', 'Data', 'TTBar', 'ZJets', 'WJets', 'sTop', 'VV', 'TTV']
L_t_LQuujj300 = [[92887.2326767, 29581] , [3998, 3998] ,  [3531.4624889206125, 75429] ,  [97.21011451593053, 5498] ,  [4.614159088916017, 18] ,  [227.024217280092, 1353] ,  [27.327249231396888, 1662] ,  [40.713625360658405, 25152]  ]
L_t_LQuujj400 = [[30378.368566936108, 44996] , [3979, 3979] ,  [3512.7033778888535, 75038] ,  [97.21011451593053, 5498] ,  [4.614159088916017, 18] ,  [225.36073121056177, 1345] ,  [27.274004622323158, 1656] ,  [40.58812007267597, 25078]  ]
L_t_LQuujj500 = [[10153.087673866186, 54234] , [3495, 3495] ,  [3030.9473286181797, 65242] ,  [94.73338649259273, 5430] ,  [4.614159088916017, 18] ,  [208.54443225274858, 1241] ,  [26.014709537795, 1544] ,  [37.43162937190446, 23251]  ]
L_t_LQuujj600 = [[3799.936842491568, 60244] , [2591, 2591] ,  [2173.0849222013035, 47415] ,  [80.16394589193148, 5225] ,  [4.614159088916017, 18] ,  [171.0151210118201, 1017] ,  [21.97855810612502, 1294] ,  [30.14677739221175, 19068]  ]
L_t_LQuujj700 = [[1521.4607963516305, 63946] , [1797, 1797] ,  [1424.8242332530972, 31571] ,  [65.88345079374676, 4941] ,  [3.8978955877945904, 14] ,  [133.13192429168834, 792] ,  [17.072677506822032, 1038] ,  [22.278560281480804, 14495]  ]
L_t_LQuujj800 = [[653.7421263879052, 66435] , [1225, 1225] ,  [908.87378228691, 20429] ,  [50.8871462881815, 4479] ,  [2.970115969223721, 12] ,  [99.00238692391264, 592] ,  [12.755540462293167, 807] ,  [16.530228341083628, 10709]  ]
L_t_LQuujj900 = [[296.0499475039661, 67980] , [834, 834] ,  [577.1760294194341, 13090] ,  [38.77514845912592, 4054] ,  [2.094874616857897, 11] ,  [75.14561128794271, 445] ,  [10.807627301654849, 649] ,  [11.79356142113304, 7788]  ]
L_t_LQuujj1000 = [[138.53646923103005, 68883] , [565, 565] ,  [371.45116470012, 8499] ,  [28.9434542602059, 3595] ,  [1.9142163875075207, 10] ,  [57.73815370512507, 340] ,  [10.019520828965303, 505] ,  [8.54969699679689, 5667]  ]
L_t_LQuujj1100 = [[67.44685633960012, 68556] , [394, 394] ,  [238.3616023622145, 5524] ,  [23.814746174603805, 3214] ,  [1.0344404962059888, 8] ,  [42.98989154464829, 253] ,  [9.296638930769038, 388] ,  [6.215437948572165, 4104]  ]
L_t_LQuujj1200 = [[33.7443474660991, 34658] , [271, 271] ,  [157.78092692705903, 3695] ,  [16.79019223287622, 2923] ,  [1.0080655624170525, 7] ,  [32.845745460658044, 195] ,  [8.230552230155139, 303] ,  [4.493625057730514, 3010]  ]
L_t_LQuujj1300 = [[17.323427164769097, 34482] , [192, 192] ,  [105.88562563309068, 2504] ,  [12.053629560355006, 2667] ,  [1.9746289525442573, 6] ,  [24.52970475991694, 145] ,  [7.682436389716013, 244] ,  [3.0893273537574277, 2187]  ]
L_t_LQuujj1400 = [[9.017818679284456, 68672] , [130, 130] ,  [70.36929656476875, 1690] ,  [10.841808202576733, 2475] ,  [1.9746289525442573, 6] ,  [18.48475082161397, 114] ,  [6.092638457757482, 184] ,  [2.2685358015321757, 1617]  ]
L_t_LQuujj1500 = [[4.761415547169977, 68341] , [92, 92] ,  [49.888632825191536, 1198] ,  [8.183937608385888, 2251] ,  [1.186535912821635, 5] ,  [15.810216574918131, 100] ,  [5.8597936537757915, 149] ,  [1.7122359225887578, 1223]  ]
L_t_LQuujj1600 = [[2.5340413944772306, 67447] , [68, 68] ,  [35.31490562102277, 841] ,  [6.9177481424279454, 2056] ,  [1.186535912821635, 5] ,  [11.35871713499735, 74] ,  [4.0873365947895355, 115] ,  [1.2211790882372133, 914]  ]
L_t_LQuujj1700 = [[1.3752931969859523, 66534] , [48, 48] ,  [23.949342523323864, 581] ,  [5.943622570929064, 1823] ,  [0.1965936726417521, 3] ,  [9.230316102323712, 58] ,  [3.18910727084115, 90] ,  [0.9418414975673166, 678]  ]
L_t_LQuujj1800 = [[0.7540871490623926, 66121] , [33, 33] ,  [16.538931235265068, 412] ,  [4.515993095262017, 1596] ,  [-0.24452091252538036, 1] ,  [7.385836165405971, 46] ,  [3.1439962340265644, 71] ,  [0.6655460622700698, 528]  ]
L_t_LQuujj1900 = [[0.4115458108863778, 65186] , [26, 26] ,  [12.408164196880847, 312] ,  [4.222830592003217, 1387] ,  [-0.24452091252538036, 1] ,  [4.851608958614127, 30] ,  [2.0876046691097576, 49] ,  [0.49733491476574276, 409]  ]
L_t_LQuujj2000 = [[0.23015778219674882, 64516] , [20, 20] ,  [8.652749827271657, 222] ,  [3.659394154278864, 1183] ,  [-0.24452091252538036, 1] ,  [3.7087732774672197, 23] ,  [1.8547203508022376, 38] ,  [0.3782722937408068, 314]  ]
L_t_LQuujj2100 = [[0.12637976797430092, 63476] , [14, 14] ,  [6.041060354676768, 158] ,  [3.47877142247455, 1005] ,  [0.0, 0] ,  [3.3584748086688805, 21] ,  [0.5709594370719583, 31] ,  [0.2594039558445294, 242]  ]
L_t_LQuujj2200 = [[0.06904841370557149, 61057] , [12, 12] ,  [4.6701693738791965, 120] ,  [2.5119087375970395, 856] ,  [0.0, 0] ,  [2.6085739852048153, 17] ,  [0.5139473901715521, 26] ,  [0.2024452330017665, 192]  ]
L_t_LQuujj2300 = [[0.038363782475311914, 30789] , [7, 7] ,  [3.485450259373934, 88] ,  [2.225426630397685, 736] ,  [0.0, 0] ,  [2.0664193206984285, 14] ,  [0.5101895845381759, 21] ,  [0.1632886922846318, 153]  ]
L_t_LQuujj2400 = [[0.021408462082138657, 60709] , [5, 5] ,  [2.4747625139172795, 62] ,  [1.2345808552655408, 638] ,  [0.0, 0] ,  [1.6578760513467887, 12] ,  [0.3933990180799405, 18] ,  [0.11161021103456806, 118]  ]
L_t_LQuujj2500 = [[0.012133626971835008, 59742] , [4, 4] ,  [1.8621564552267607, 49] ,  [0.8597436901284828, 554] ,  [0.0, 0] ,  [1.6578760513467887, 12] ,  [0.35092880672934135, 13] ,  [0.06295618809820445, 96]  ]
L_t_LQuujj2600 = [[0.0066901781213857875, 58651] , [3, 3] ,  [1.2839439682814286, 33] ,  [0.7221067287593785, 489] ,  [0.0, 0] ,  [1.3221438019374834, 9] ,  [0.36558633640185584, 11] ,  [0.038393725483758884, 84]  ]
L_t_LQuujj2700 = [[0.0037559791296283033, 28909] , [3, 3] ,  [1.075906769624865, 26] ,  [0.5227576803681745, 429] ,  [0.0, 0] ,  [0.8502512264469783, 7] ,  [0.3280367155363105, 9] ,  [0.008522629610512006, 65]  ]
L_t_LQuujj2800 = [[0.0020601248690643526, 56632] , [3, 3] ,  [0.945771451218065, 22] ,  [0.6296959270807697, 379] ,  [0.0, 0] ,  [0.7038261101826387, 6] ,  [0.3030217623151697, 8] ,  [-0.005050537327683821, 54]  ]
L_t_LQuujj2900 = [[0.0011459085807832292, 55460] , [2, 2] ,  [0.7474686343846095, 18] ,  [0.540522410154249, 323] ,  [0.0, 0] ,  [0.49856681140637105, 4] ,  [0.2985418684684762, 7] ,  [-0.015193237891556285, 41]  ]
L_t_LQuujj3000 = [[0.0006559086558864829, 26424] , [2, 2] ,  [0.6825344519677632, 16] ,  [0.48099101531004157, 283] ,  [0.0, 0] ,  [0.49856681140637105, 4] ,  [0.2884873978654891, 6] ,  [-0.026462488763473707, 35]  ]
L_t_LQuujj3500 = [[4.0352405967921005e-05, 25101] , [1, 1] ,  [0.33913861034444837, 7] ,  [0.2902173834843738, 124] ,  [0.0, 0] ,  [0.0, 0] ,  [0.1808267736605156, 4] ,  [-0.07040236555497896, 9]  ]
L_t_LQuujj4000 = [[3.3877951602432774e-06, 45669] , [1, 1] ,  [0.05188793035649338, 1] ,  [0.20813181833500785, 62] ,  [0.0, 0] ,  [0.0, 0] ,  [8.802410808732976e-05, 1] ,  [0.004570774321853503, 5]  ]
