headers = ['Signal', 'Data', 'TTBar', 'ZJets', 'WJets', 'sTop', 'VV', 'TTV']
L_t_LQuujj300 = [[90476.7360126272, 29415] , [3998, 3998] ,  [3562.9112053848467, 74156] ,  [95.84214548272345, 5408] ,  [3.538091574172355, 16] ,  [218.2815441384684, 1321] ,  [28.551493034518323, 1622] ,  [41.53604153233017, 24954]  ]
L_t_LQuujj400 = [[29702.315969528052, 44907] , [3979, 3979] ,  [3543.728769555128, 73776] ,  [95.20813284671061, 5406] ,  [3.538091574172355, 16] ,  [216.66144434112022, 1313] ,  [28.494392335716967, 1617] ,  [41.37110711840904, 24882]  ]
L_t_LQuujj500 = [[9935.014060760333, 54151] , [3495, 3495] ,  [3050.9848662457844, 64003] ,  [92.46054344995002, 5343] ,  [3.538091574172355, 16] ,  [200.5372554409688, 1215] ,  [26.85510794949318, 1502] ,  [38.06670239989493, 23001]  ]
L_t_LQuujj600 = [[3719.499382293041, 60181] , [2591, 2591] ,  [2185.6834159927685, 46475] ,  [79.63185402794548, 5137] ,  [3.6937356023254524, 14] ,  [165.05067658734794, 1000] ,  [22.574294202191965, 1270] ,  [30.80795176272345, 18872]  ]
L_t_LQuujj700 = [[1489.914365592114, 63907] , [1797, 1797] ,  [1427.0456010232842, 30830] ,  [65.50923352993321, 4859] ,  [2.836153343073358, 12] ,  [127.14790055269208, 772] ,  [18.624158485158947, 1016] ,  [22.57951516187272, 14291]  ]
L_t_LQuujj800 = [[640.2851588111188, 66392] , [1225, 1225] ,  [909.0462763313358, 19900] ,  [53.40656698100779, 4421] ,  [1.87593205975737, 10] ,  [94.74937631705383, 581] ,  [14.365250656805383, 793] ,  [16.86919920210407, 10575]  ]
L_t_LQuujj900 = [[289.86329660557067, 67918] , [834, 834] ,  [576.9729782350394, 12759] ,  [39.44267009740089, 3997] ,  [1.87593205975737, 10] ,  [71.98517728316479, 437] ,  [11.843885388852064, 630] ,  [12.010950897395318, 7668]  ]
L_t_LQuujj1000 = [[135.72324625174622, 68863] , [565, 565] ,  [369.71109494209304, 8249] ,  [29.851806462257898, 3546] ,  [1.87593205975737, 10] ,  [55.83532428810576, 337] ,  [10.12982436905791, 494] ,  [8.581744243269265, 5585]  ]
L_t_LQuujj1100 = [[66.06950522481102, 68524] , [394, 394] ,  [237.78944558457155, 5366] ,  [23.926478551667145, 3170] ,  [1.008939352119216, 9] ,  [41.985163256700424, 254] ,  [9.121808719507518, 382] ,  [6.270248544759566, 4037]  ]
L_t_LQuujj1200 = [[33.05762528694793, 34642] , [271, 271] ,  [155.9846562670203, 3569] ,  [17.086713144427268, 2876] ,  [1.9351363734933722, 6] ,  [31.681643220334873, 194] ,  [8.386332544029447, 298] ,  [4.4261164842446625, 2941]  ]
L_t_LQuujj1300 = [[16.971544303286738, 34471] , [192, 192] ,  [103.84959948544339, 2402] ,  [11.945217606743947, 2631] ,  [1.9351363734933722, 6] ,  [23.46643375319173, 145] ,  [8.128409092867123, 237] ,  [3.1020366350647643, 2154]  ]
L_t_LQuujj1400 = [[8.834446046773055, 68650] , [130, 130] ,  [69.80887011250084, 1640] ,  [10.998876974881846, 2443] ,  [1.9351363734933722, 6] ,  [18.108694523789538, 114] ,  [6.067759210506067, 186] ,  [2.2659679074613948, 1587]  ]
L_t_LQuujj1500 = [[4.664782517120792, 68319] , [92, 92] ,  [49.17491833261413, 1152] ,  [8.62910876537951, 2228] ,  [1.1628051945652025, 5] ,  [15.378752379114827, 100] ,  [5.788201811636287, 151] ,  [1.6719717165101664, 1201]  ]
L_t_LQuujj1600 = [[2.4826180306724126, 67422] , [68, 68] ,  [35.451922847269984, 825] ,  [7.375204853495465, 2024] ,  [1.1628051945652025, 5] ,  [11.958519965312833, 79] ,  [5.20162677432523, 117] ,  [1.243936776551438, 891]  ]
L_t_LQuujj1700 = [[1.3474522647899407, 66515] , [48, 48] ,  [23.753751862216607, 562] ,  [6.373224140103246, 1805] ,  [0.19266179918891707, 3] ,  [9.172127063707906, 58] ,  [2.802041271925954, 86] ,  [0.9513206413407629, 664]  ]
L_t_LQuujj1800 = [[0.7387505707016266, 66098] , [33, 33] ,  [16.476695574088083, 399] ,  [4.778057555286793, 1588] ,  [-0.23963049427487274, 1] ,  [7.338045688086052, 46] ,  [2.48057287012467, 70] ,  [0.5989205880055999, 510]  ]
L_t_LQuujj1900 = [[0.403206920431439, 65165] , [26, 26] ,  [12.298819606008289, 300] ,  [4.416596505381653, 1372] ,  [-0.23963049427487274, 1] ,  [4.565423013447367, 29] ,  [2.167201672040681, 49] ,  [0.48987237905609315, 402]  ]
L_t_LQuujj2000 = [[0.2255077064313044, 64500] , [20, 20] ,  [8.652580462694768, 215] ,  [3.895224323623384, 1162] ,  [-0.23963049427487274, 1] ,  [3.7691567469083913, 24] ,  [1.7897168756123187, 37] ,  [0.3828993094020623, 305]  ]
L_t_LQuujj2100 = [[0.1238096863142585, 63455] , [14, 14] ,  [5.957277944543492, 153] ,  [3.731578261953802, 990] ,  [0.0, 0] ,  [3.4258642474860186, 22] ,  [1.5190412034188243, 33] ,  [0.26617759732053575, 234]  ]
L_t_LQuujj2200 = [[0.06764180014188173, 61032] , [12, 12] ,  [4.4562445001501345, 111] ,  [2.4344073393669703, 844] ,  [0.0, 0] ,  [2.55640250550072, 17] ,  [0.5398407257019995, 26] ,  [0.2026511684800845, 183]  ]
L_t_LQuujj2300 = [[0.037579932446880175, 30773] , [7, 7] ,  [3.3713574674996774, 83] ,  [1.839886215399557, 726] ,  [0.0, 0] ,  [2.0250909342844605, 14] ,  [0.526274797795472, 22] ,  [0.1653350236289585, 143]  ]
L_t_LQuujj2400 = [[0.020974192512516546, 60692] , [5, 5] ,  [2.425226501835325, 60] ,  [1.308222507565582, 623] ,  [0.0, 0] ,  [1.6247185303198528, 12] ,  [0.44618368428449434, 18] ,  [0.11980888886892853, 119]  ]
L_t_LQuujj2500 = [[0.011889465212980645, 59731] , [4, 4] ,  [1.722865984053785, 44] ,  [0.8246645921981308, 538] ,  [0.0, 0] ,  [1.6247185303198528, 12] ,  [0.3840929645509084, 14] ,  [0.07393032120585899, 94]  ]
L_t_LQuujj2600 = [[0.006553770761889833, 58629] , [3, 3] ,  [1.2675884810103633, 31] ,  [0.6617002265299754, 478] ,  [0.0, 0] ,  [1.2957009258987338, 9] ,  [0.39917435448081545, 12] ,  [0.04593917800273011, 81]  ]
L_t_LQuujj2700 = [[0.0036798665458220147, 28900] , [3, 3] ,  [1.0318187554692297, 24] ,  [0.6142293595968795, 422] ,  [0.0, 0] ,  [0.8332462019180387, 7] ,  [0.3375227428402254, 9] ,  [0.009641735864277544, 65]  ]
L_t_LQuujj2800 = [[0.0020185992695695475, 56622] , [3, 3] ,  [0.9457118613573392, 22] ,  [0.680319024949436, 372] ,  [0.0, 0] ,  [0.6897495879789859, 6] ,  [0.31178441775848675, 8] ,  [-0.0019817803351990697, 52]  ]
L_t_LQuujj2900 = [[0.0011227778656292156, 55449] , [2, 2] ,  [0.7671051485513696, 18] ,  [0.6560308031850514, 322] ,  [0.0, 0] ,  [0.48859547517824364, 4] ,  [0.31178441775848675, 8] ,  [-0.020489079993334963, 40]  ]
L_t_LQuujj3000 = [[0.0006427193856842064, 26419] , [2, 2] ,  [0.6224753792268668, 15] ,  [0.4924900247241816, 279] ,  [0.0, 0] ,  [0.48859547517824364, 4] ,  [0.1863045121790355, 5] ,  [-0.034640974706786835, 32]  ]
L_t_LQuujj3500 = [[3.9546760888560434e-05, 25100] , [1, 1] ,  [0.3480480144587854, 7] ,  [0.29927326553207506, 128] ,  [0.0, 0] ,  [0.0, 0] ,  [0.18605584598986777, 4] ,  [-0.07243823145134018, 9]  ]
L_t_LQuujj4000 = [[3.3196497031904214e-06, 45663] , [1, 1] ,  [0.0532510619083183, 1] ,  [0.21624419346157547, 65] ,  [0.0, 0] ,  [0.0, 0] ,  [9.056955209762603e-05, 1] ,  [0.002709868515473579, 4]  ]
