headers = ['Signal', 'Data', 'TTBar', 'ZJets', 'WJets', 'sTop', 'VV', 'TTV']
L_t_LQuujj300 = [[92323.20001288598, 29415] , [3998, 3998] ,  [3517.9270349339577, 74156] ,  [95.760396570134, 5408] ,  [3.6102975246656683, 16] ,  [222.73626952904908, 1321] ,  [28.641163139277122, 1622] ,  [41.66649149482304, 24954]  ]
L_t_LQuujj400 = [[30308.485683191633, 44907] , [3979, 3979] ,  [3498.9867903667428, 73776] ,  [95.12687602526607, 5406] ,  [3.6102975246656683, 16] ,  [221.08310647053057, 1313] ,  [28.583883107449743, 1617] ,  [41.501039080454206, 24882]  ]
L_t_LQuujj500 = [[10137.769449755438, 54151] , [3495, 3495] ,  [3012.464113031691, 64003] ,  [92.38256627038213, 5343] ,  [3.6102975246656683, 16] ,  [204.6298524907843, 1215] ,  [26.939450310862096, 1502] ,  [38.18625639967677, 23001]  ]
L_t_LQuujj600 = [[3795.4075329520856, 60181] , [2591, 2591] ,  [2158.087680463891, 46475] ,  [79.56395411512118, 5137] ,  [3.7691179615565837, 14] ,  [168.41905774219174, 1000] ,  [22.64519204713195, 1270] ,  [30.90470860337727, 18872]  ]
L_t_LQuujj700 = [[1520.3207812164255, 63907] , [1797, 1797] ,  [1409.0281824413594, 30830] ,  [65.45179978694499, 4859] ,  [2.8940340235442426, 12] ,  [129.7427556660124, 772] ,  [18.682650355982993, 1016] ,  [22.65042940399396, 14291]  ]
L_t_LQuujj800 = [[653.3522028684765, 66392] , [1225, 1225] ,  [897.5689505477307, 19900] ,  [53.357400505459495, 4421] ,  [1.9142163875075207, 10] ,  [96.68303705821822, 581] ,  [14.410366809916018, 793] ,  [16.92217936877425, 10575]  ]
L_t_LQuujj900 = [[295.77887408731294, 67918] , [834, 834] ,  [569.6883030628786, 12759] ,  [39.40505056355335, 3997] ,  [1.9142163875075207, 10] ,  [73.45426253384163, 437] ,  [11.88108282865971, 630] ,  [12.048673030662359, 7668]  ]
L_t_LQuujj1000 = [[138.49310842015012, 68863] , [565, 565] ,  [365.0432416182932, 8249] ,  [29.82120452490989, 3546] ,  [1.9142163875075207, 10] ,  [56.97482070214869, 337] ,  [10.161638551638973, 494] ,  [8.608696455693925, 5585]  ]
L_t_LQuujj1100 = [[67.41786247429734, 68524] , [394, 394] ,  [234.78719255748626, 5366] ,  [23.90307847793369, 3170] ,  [1.029529951142057, 9] ,  [42.842003323163695, 254] ,  [9.150457082746488, 382] ,  [6.289941169701911, 4037]  ]
L_t_LQuujj1200 = [[33.73227070096729, 34642] , [271, 271] ,  [154.01524418775296, 3569] ,  [17.06874205803071, 2876] ,  [1.9746289525442573, 6] ,  [32.32820736768866, 194] ,  [8.412671037671657, 298] ,  [4.440017344992529, 2941]  ]
L_t_LQuujj1300 = [[17.317902350292666, 34471] , [192, 192] ,  [102.53842785774472, 2402] ,  [11.9338017768835, 2631] ,  [1.9746289525442573, 6] ,  [23.945340564481363, 145] ,  [8.153937540503774, 237] ,  [3.111779031012172, 2154]  ]
L_t_LQuujj1400 = [[9.014740864054222, 68650] , [130, 130] ,  [68.92748578067142, 1640] ,  [10.988038226153995, 2443] ,  [1.9746289525442573, 6] ,  [18.47825971815259, 114] ,  [6.086815888326721, 186] ,  [2.273084508312935, 1587]  ]
L_t_LQuujj1500 = [[4.7599821603273105, 68319] , [92, 92] ,  [48.55405163662687, 1152] ,  [8.620431920365618, 2228] ,  [1.186535912821635, 5] ,  [15.692604468484516, 100] ,  [5.806380498900986, 151] ,  [1.6772227861754883, 1201]  ]
L_t_LQuujj1600 = [[2.5332837047677708, 67422] , [68, 68] ,  [35.00431827666955, 825] ,  [7.367421759443673, 2024] ,  [1.186535912821635, 5] ,  [12.202571393176354, 79] ,  [5.217963237613021, 117] ,  [1.2478435404090005, 891]  ]
L_t_LQuujj1700 = [[1.3749512906020023, 66515] , [48, 48] ,  [23.453844634384655, 562] ,  [6.366436702871965, 1805] ,  [0.1965936726417521, 3] ,  [9.359313330314185, 58] ,  [2.8108414889264606, 86] ,  [0.9543084017869546, 664]  ]
L_t_LQuujj1800 = [[0.7538271129608374, 66098] , [33, 33] ,  [16.26866611743134, 399] ,  [4.773433909423174, 1588] ,  [-0.24452091252538036, 1] ,  [7.487801722536787, 46] ,  [2.4883634689860727, 70] ,  [0.6008015849749618, 510]  ]
L_t_LQuujj1900 = [[0.4114356330933073, 65165] , [26, 26] ,  [12.143538667020701, 300] ,  [4.412242180394383, 1372] ,  [-0.24452091252538036, 1] ,  [4.658594911680985, 29] ,  [2.1740080832056043, 49] ,  [0.49141089430975426, 402]  ]
L_t_LQuujj2000 = [[0.2301099045217389, 64500] , [20, 20] ,  [8.543335765890166, 215] ,  [3.891439678225667, 1162] ,  [-0.24452091252538036, 1] ,  [3.8460783131718266, 24] ,  [1.7953377410266331, 37] ,  [0.38410186021594284, 305]  ]
L_t_LQuujj2100 = [[0.1263364146063844, 63455] , [14, 14] ,  [5.882063270072871, 153] ,  [3.72791044635778, 990] ,  [0.0, 0] ,  [3.4957798443734873, 22] ,  [1.5238119726279453, 33] ,  [0.2670135666692253, 234]  ]
L_t_LQuujj2200 = [[0.06902224504273757, 61032] , [12, 12] ,  [4.399981390964962, 111] ,  [2.4311219708140013, 844] ,  [0.0, 0] ,  [2.6085739852048153, 17] ,  [0.5415361737953183, 26] ,  [0.2032876238656272, 183]  ]
L_t_LQuujj2300 = [[0.03834686984375548, 30773] , [7, 7] ,  [3.3287917929075856, 83] ,  [1.837791561888732, 726] ,  [0.0, 0] ,  [2.0664193206984285, 14] ,  [0.5279276401247048, 22] ,  [0.16585428224955623, 143]  ]
L_t_LQuujj2400 = [[0.021402237257670053, 60692] , [5, 5] ,  [2.394606372381714, 60] ,  [1.3066797227022988, 623] ,  [0.0, 0] ,  [1.6578760513467887, 12] ,  [0.44758498885596093, 18] ,  [0.12018516606056005, 119]  ]
L_t_LQuujj2500 = [[0.01213210736018412, 59731] , [4, 4] ,  [1.701113632501043, 44] ,  [0.8236397559162523, 538] ,  [0.0, 0] ,  [1.6578760513467887, 12] ,  [0.38529926421190225, 14] ,  [0.0741625101018781, 94]  ]
L_t_LQuujj2600 = [[0.00668752118560215, 58629] , [3, 3] ,  [1.2515843167176384, 31] ,  [0.6607738589050453, 478] ,  [0.0, 0] ,  [1.3221438019374834, 9] ,  [0.4004280194341702, 12] ,  [0.046083456653904585, 81]  ]
L_t_LQuujj2700 = [[0.003754965863083693, 28900] , [3, 3] ,  [1.0187913438682015, 24] ,  [0.6134640102078128, 422] ,  [0.0, 0] ,  [0.8502512264469783, 7] ,  [0.3385827819657582, 9] ,  [0.009672017134120789, 65]  ]
L_t_LQuujj2800 = [[0.0020597951730301585, 56622] , [3, 3] ,  [0.9337716076949855, 22] ,  [0.6794284437923894, 372] ,  [0.0, 0] ,  [0.7038261101826387, 6] ,  [0.3127636219412162, 8] ,  [-0.0019880044037636118, 52]  ]
L_t_LQuujj2900 = [[0.0011456916996216262, 55449] , [2, 2] ,  [0.7574199257751059, 18] ,  [0.6552000541571125, 322] ,  [0.0, 0] ,  [0.49856681140637105, 4] ,  [0.3127636219412162, 8] ,  [-0.02055342892062901, 40]  ]
L_t_LQuujj3000 = [[0.0006558361078410286, 26419] , [2, 2] ,  [0.6146162053809651, 15] ,  [0.4918574439915269, 279] ,  [0.0, 0] ,  [0.49856681140637105, 4] ,  [0.18688962851967442, 5] ,  [-0.034749769711907935, 32]  ]
L_t_LQuujj3500 = [[4.0353837641388236e-05, 25100] , [1, 1] ,  [0.3436536722186956, 7] ,  [0.29887659726592153, 128] ,  [0.0, 0] ,  [0.0, 0] ,  [0.186640181358275, 4] ,  [-0.0726657342230843, 9]  ]
L_t_LQuujj4000 = [[3.387397656316786e-06, 45663] , [1, 1] ,  [0.05257873113511382, 1] ,  [0.21595049375686304, 65] ,  [0.0, 0] ,  [0.0, 0] ,  [9.085399891148389e-05, 1] ,  [0.002718379250564433, 4]  ]
