headers = ['Signal', 'Data', 'TTBar', 'ZJets', 'WJets', 'sTop', 'VV', 'TTV']
L_t_LQuujj300 = [[92877.1392129637, 29415] , [3998, 3998] ,  [3557.12538312659, 74156] ,  [95.78442542568982, 5408] ,  [3.631959309813663, 16] ,  [224.07268714622325, 1321] ,  [28.57003250137469, 1622] ,  [41.56301231331183, 24954]  ]
L_t_LQuujj400 = [[30490.33659729104, 44907] , [3979, 3979] ,  [3537.9740977123024, 73776] ,  [95.15070188340763, 5406] ,  [3.631959309813663, 16] ,  [222.40960510935358, 1313] ,  [28.512894725124827, 1617] ,  [41.39797080180054, 24882]  ]
L_t_LQuujj500 = [[10198.59606645395, 54151] , [3495, 3495] ,  [3046.030362714469, 64003] ,  [92.40571452999325, 5343] ,  [3.631959309813663, 16] ,  [205.857631605729, 1215] ,  [26.872545895142895, 1502] ,  [38.091420419601654, 23001]  ]
L_t_LQuujj600 = [[3818.179978149789, 60181] , [2591, 2591] ,  [2182.134078097787, 46475] ,  [79.58345151788856, 5137] ,  [3.7917326693259237, 14] ,  [169.4295720886449, 1000] ,  [22.58895246817697, 1270] ,  [30.82795642587493, 18872]  ]
L_t_LQuujj700 = [[1529.4427059037273, 63907] , [1797, 1797] ,  [1424.728217365382, 30830] ,  [65.46592854107391, 4859] ,  [2.9113982276855084, 12] ,  [130.5212122000083, 772] ,  [18.636251792102573, 1016] ,  [22.594176818006652, 14291]  ]
L_t_LQuujj800 = [[657.2723160856885, 66392] , [1225, 1225] ,  [907.5700733399514, 19900] ,  [53.368146690275935, 4421] ,  [1.9257016858325655, 10] ,  [97.2631352805674, 581] ,  [14.37457850835115, 793] ,  [16.880152953598703, 10575]  ]
L_t_LQuujj900 = [[297.5535473318405, 67918] , [834, 834] ,  [576.0360300745435, 12759] ,  [39.412656431186456, 3997] ,  [1.9257016858325655, 10] ,  [73.89498810904456, 437] ,  [11.851576031171625, 630] ,  [12.018750021098057, 7668]  ]
L_t_LQuujj1000 = [[139.32406707067165, 68863] , [565, 565] ,  [369.11071997933436, 8249] ,  [29.82708045478246, 3546] ,  [1.9257016858325655, 10] ,  [57.31666962636159, 337] ,  [10.136402012578147, 494] ,  [8.587316665095855, 5585]  ]
L_t_LQuujj1100 = [[67.82236964914257, 68524] , [394, 394] ,  [237.40329858630614, 5366] ,  [23.906679342550472, 3170] ,  [1.035707130848909, 9] ,  [43.09905534310266, 254] ,  [9.12773182378166, 382] ,  [6.274320032892831, 4037]  ]
L_t_LQuujj1200 = [[33.93466432517294, 34642] , [271, 271] ,  [155.7313523129912, 3569] ,  [17.071576753615545, 2876] ,  [1.986476726259523, 6] ,  [32.52217661189479, 194] ,  [8.391778078315838, 298] ,  [4.428990513976243, 2941]  ]
L_t_LQuujj1300 = [[17.421809764394418, 34471] , [192, 192] ,  [103.68095780745071, 2402] ,  [11.934949367062273, 2631] ,  [1.986476726259523, 6] ,  [24.08901260786824, 145] ,  [8.133687148581785, 237] ,  [3.104050894189974, 2154]  ]
L_t_LQuujj1400 = [[9.068829309238604, 68650] , [130, 130] ,  [69.69550727766196, 1640] ,  [10.98888935641224, 2443] ,  [1.986476726259523, 6] ,  [18.589129276461506, 114] ,  [6.07169921534715, 186] ,  [2.267439278393465, 1587]  ]
L_t_LQuujj1500 = [[4.788542053289284, 68319] , [92, 92] ,  [49.095063034338004, 1152] ,  [8.620780436517155, 2228] ,  [1.1936551282985648, 5] ,  [15.78676009529543, 100] ,  [5.791960290238988, 151] ,  [1.673057385276616, 1201]  ]
L_t_LQuujj1600 = [[2.548483406996371, 67422] , [68, 68] ,  [35.39435236277453, 825] ,  [7.367736101359433, 2024] ,  [1.1936551282985648, 5] ,  [12.27578682153542, 79] ,  [5.205004369572724, 117] ,  [1.244744507503107, 891]  ]
L_t_LQuujj1700 = [[1.3832009983455908, 66515] , [48, 48] ,  [23.715178072885525, 562] ,  [6.366570602074019, 1805] ,  [0.1977732346776026, 3] ,  [9.41546921029607, 58] ,  [2.803860733739334, 86] ,  [0.9519383665672029, 664]  ]
L_t_LQuujj1800 = [[0.7583500756386172, 66098] , [33, 33] ,  [16.449939018423336, 399] ,  [4.772784216374081, 1588] ,  [-0.24598803800053265, 1] ,  [7.532728532872008, 46] ,  [2.4821835914433454, 70] ,  [0.5993094877516674, 510]  ]
L_t_LQuujj1900 = [[0.41390424689187466, 65165] , [26, 26] ,  [12.278847515735762, 300] ,  [4.411716579966573, 1372] ,  [-0.24598803800053265, 1] ,  [4.686546481151073, 29] ,  [2.1686089106576407, 49] ,  [0.49019047004784694, 402]  ]
L_t_LQuujj2000 = [[0.23149056394886963, 64500] , [20, 20] ,  [8.638529511170379, 215] ,  [3.8907701521372897, 1162] ,  [-0.24598803800053265, 1] ,  [3.8691547830508584, 24] ,  [1.7908790003620718, 37] ,  [0.3831479390988505, 305]  ]
L_t_LQuujj2100 = [[0.12709443309402252, 63455] , [14, 14] ,  [5.947603902911987, 153] ,  [3.727120826674038, 990] ,  [0.0, 0] ,  [3.516754523439729, 22] ,  [1.5200275691409355, 33] ,  [0.26635043559338833, 234]  ]
L_t_LQuujj2200 = [[0.06943637851299234, 61032] , [12, 12] ,  [4.44900799125867, 111] ,  [2.431967645526928, 844] ,  [0.0, 0] ,  [2.6242254291160445, 17] ,  [0.5401912628605928, 26] ,  [0.2027827568568084, 183]  ]
L_t_LQuujj2300 = [[0.038576951062818075, 30773] , [7, 7] ,  [3.36588270993441, 83] ,  [1.838049088278584, 726] ,  [0.0, 0] ,  [2.0788178366226195, 14] ,  [0.5266165261302852, 22] ,  [0.16544238134881836, 143]  ]
L_t_LQuujj2400 = [[0.0215306506812161, 60692] , [5, 5] ,  [2.421288169200353, 60] ,  [1.3070090233339655, 623] ,  [0.0, 0] ,  [1.6678233076548694, 12] ,  [0.44647340670344715, 18] ,  [0.11988668490297866, 119]  ]
L_t_LQuujj2500 = [[0.012204900004345163, 59731] , [4, 4] ,  [1.720068216783163, 44] ,  [0.8240013734731387, 538] ,  [0.0, 0] ,  [1.6678233076548694, 12] ,  [0.38434236932905697, 14] ,  [0.07397832670728852, 94]  ]
L_t_LQuujj2600 = [[0.0067276463127155526, 58629] , [3, 3] ,  [1.2655300402508303, 31] ,  [0.6611121563589013, 478] ,  [0.0, 0] ,  [1.3300766647491082, 9] ,  [0.3994335521243814, 12] ,  [0.04596900789172973, 81]  ]
L_t_LQuujj2700 = [[0.003777495658262174, 28900] , [3, 3] ,  [1.0301431818784892, 24] ,  [0.6137566706655628, 422] ,  [0.0, 0] ,  [0.8553527338056601, 7] ,  [0.337741907970981, 9] ,  [0.009647996575136951, 65]  ]
L_t_LQuujj2800 = [[0.0020721539440683367, 56622] , [3, 3] ,  [0.944176117011793, 22] ,  [0.6797615005545713, 372] ,  [0.0, 0] ,  [0.7080490668437345, 6] ,  [0.3119868701091361, 8] ,  [-0.001983067173361857, 52]  ]
L_t_LQuujj2900 = [[0.0011525658498193396, 55449] , [2, 2] ,  [0.765859444185733, 18] ,  [0.6554635072524021, 322] ,  [0.0, 0] ,  [0.5015582122748092, 4] ,  [0.3119868701091361, 8] ,  [-0.020502384257983973, 40]  ]
L_t_LQuujj3000 = [[0.0006597711244880721, 26419] , [2, 2] ,  [0.6214645395800875, 15] ,  [0.49208509871386313, 279] ,  [0.0, 0] ,  [0.5015582122748092, 4] ,  [0.18642548610935056, 5] ,  [-0.03466346828362622, 32]  ]
L_t_LQuujj3500 = [[4.059596066723661e-05, 25100] , [1, 1] ,  [0.34748281823779625, 7] ,  [0.2989640014846108, 128] ,  [0.0, 0] ,  [0.0, 0] ,  [0.18617665845266984, 4] ,  [-0.07248526808755068, 9]  ]
L_t_LQuujj4000 = [[3.407722042254575e-06, 45663] , [1, 1] ,  [0.053164587348188894, 1] ,  [0.21600616989775007, 65] ,  [0.0, 0] ,  [0.0, 0] ,  [9.062836202421329e-05, 1] ,  [0.002711628126344618, 4]  ]
