headers = ['Signal', 'Data', 'TTBar', 'ZJets', 'WJets', 'sTop', 'VV', 'TTV']
L_t_LQuujj300 = [[91642.5362090162, 29415] , [3998, 3998] ,  [3561.8388326214945, 74156] ,  [95.8078860749711, 5408] ,  [3.568358734940439, 16] ,  [221.0950790665995, 1321] ,  [28.565583164762916, 1622] ,  [41.60942252194174, 24954]  ]
L_t_LQuujj400 = [[30089.94681730532, 44907] , [3979, 3979] ,  [3542.658078192885, 73776] ,  [95.17316639786955, 5406] ,  [3.568358734940439, 16] ,  [219.45236176044838, 1313] ,  [28.508272648330095, 1617] ,  [41.44431494260182, 24882]  ]
L_t_LQuujj500 = [[10065.296169752633, 54151] , [3495, 3495] ,  [3049.8875182897586, 64003] ,  [92.4495381185117, 5343] ,  [3.568358734940439, 16] ,  [203.11361096456162, 1215] ,  [26.880309371627874, 1502] ,  [38.13303901719486, 23001]  ]
L_t_LQuujj600 = [[3768.6733135646173, 60181] , [2591, 2591] ,  [2184.625451005905, 46475] ,  [79.60269483528549, 5137] ,  [3.7262218318470026, 14] ,  [167.16252466458948, 1000] ,  [22.586717608742525, 1270] ,  [30.859347537433997, 18872]  ]
L_t_LQuujj700 = [[1509.7223435556873, 63907] , [1797, 1797] ,  [1426.150408338989, 30830] ,  [65.46747757462258, 4859] ,  [2.856417131874484, 12] ,  [128.76142115430574, 772] ,  [18.62275998344997, 1016] ,  [22.612967050312037, 14291]  ]
L_t_LQuujj800 = [[648.7954412028936, 66392] , [1225, 1225] ,  [908.3057959672101, 19900] ,  [53.3810075724118, 4421] ,  [1.8836192253876949, 10] ,  [95.9424728548952, 581] ,  [14.362269006963263, 793] ,  [16.893499388213957, 10575]  ]
L_t_LQuujj900 = [[293.7348946472232, 67918] , [834, 834] ,  [576.3872148045838, 12759] ,  [39.41872870950873, 3997] ,  [1.8836192253876949, 10] ,  [72.89783718422989, 437] ,  [11.835588257931759, 630] ,  [12.028105442887275, 7668]  ]
L_t_LQuujj1000 = [[137.53675009225995, 68863] , [565, 565] ,  [369.28631603795327, 8249] ,  [29.85078484027172, 3546] ,  [1.8836192253876949, 10] ,  [56.53541783619535, 337] ,  [10.125380462002324, 494] ,  [8.59224401554014, 5585]  ]
L_t_LQuujj1100 = [[66.95552092508359, 68524] , [394, 394] ,  [237.47490859532337, 5366] ,  [23.92410424485679, 3170] ,  [1.0042702412569973, 9] ,  [42.50540163199463, 254] ,  [9.114382818895448, 382] ,  [6.278037615091563, 4037]  ]
L_t_LQuujj1200 = [[33.50022666728373, 34642] , [271, 271] ,  [155.7460715751638, 3569] ,  [17.082715695219587, 2876] ,  [1.9426100973199638, 6] ,  [32.084236310765355, 194] ,  [8.377007452658688, 298] ,  [4.432072287615865, 2941]  ]
L_t_LQuujj1300 = [[17.199438337647504, 34471] , [192, 192] ,  [103.6719220837792, 2402] ,  [11.930267579668197, 2631] ,  [1.9426100973199638, 6] ,  [23.76038171747859, 145] ,  [8.118964208232986, 237] ,  [3.107347617142152, 2154]  ]
L_t_LQuujj1400 = [[8.953320249704552, 68650] , [130, 130] ,  [69.69201544330424, 1640] ,  [10.993316998195295, 2443] ,  [1.9426100973199638, 6] ,  [18.336144635876348, 114] ,  [6.06214809584559, 186] ,  [2.2699265438647913, 1587]  ]
L_t_LQuujj1500 = [[4.72750577767984, 68319] , [92, 92] ,  [49.09295062814535, 1152] ,  [8.623874663440702, 2228] ,  [1.16086059959201, 5] ,  [15.571748717123599, 100] ,  [5.782650867952312, 151] ,  [1.674576066372904, 1201]  ]
L_t_LQuujj1600 = [[2.5161266453064286, 67422] , [68, 68] ,  [35.39643778052818, 825] ,  [7.368575979039521, 2024] ,  [1.16086059959201, 5] ,  [12.110267413875995, 79] ,  [5.199321813766389, 117] ,  [1.2455888278889675, 891]  ]
L_t_LQuujj1700 = [[1.3656352030826495, 66515] , [48, 48] ,  [23.719913409027953, 562] ,  [6.366824212974834, 1805] ,  [0.19536816917974079, 3] ,  [9.297217245083157, 58] ,  [2.793617473388699, 86] ,  [0.9526054607756724, 664]  ]
L_t_LQuujj1800 = [[0.7487309297190546, 66098] , [33, 33] ,  [16.451681197945167, 399] ,  [4.776385006824081, 1588] ,  [-0.2430471482329423, 1] ,  [7.438193694649795, 46] ,  [2.469367792535255, 70] ,  [0.5997098215886926, 510]  ]
L_t_LQuujj1900 = [[0.40866047147349754, 65165] , [26, 26] ,  [12.283635712869126, 300] ,  [4.415313462178361, 1372] ,  [-0.2430471482329423, 1] ,  [4.627807386427956, 29] ,  [2.1583362720831722, 49] ,  [0.49039000553344764, 402]  ]
L_t_LQuujj2000 = [[0.2285581753308867, 64500] , [20, 20] ,  [8.638466882893534, 215] ,  [3.896847054221304, 1162] ,  [-0.2430471482329423, 1] ,  [3.821660008830594, 24] ,  [1.7795485095811368, 37] ,  [0.3833050162488503, 305]  ]
L_t_LQuujj2100 = [[0.1254903402464964, 63455] , [14, 14] ,  [5.945956772128208, 153] ,  [3.7303652462854675, 990] ,  [0.0, 0] ,  [3.47347494571846, 22] ,  [1.5080722955357044, 33] ,  [0.26627388930247375, 234]  ]
L_t_LQuujj2200 = [[0.06855781047104581, 61032] , [12, 12] ,  [4.449243585440598, 111] ,  [2.43311648869535, 844] ,  [0.0, 0] ,  [2.591623137439035, 17] ,  [0.5412811858573358, 26] ,  [0.20272196936949385, 183]  ]
L_t_LQuujj2300 = [[0.0380892759608875, 30773] , [7, 7] ,  [3.3653838865427463, 83] ,  [1.8395951936651722, 726] ,  [0.0, 0] ,  [2.0528484147762334, 14] ,  [0.5276894078043204, 22] ,  [0.165276784916933, 143]  ]
L_t_LQuujj2400 = [[0.021259060155886297, 60692] , [5, 5] ,  [2.4187953835314593, 60] ,  [1.307852444650463, 623] ,  [0.0, 0] ,  [1.6469854011755765, 12] ,  [0.44707016094449836, 18] ,  [0.11973002643713009, 119]  ]
L_t_LQuujj2500 = [[0.012051058238241737, 59731] , [4, 4] ,  [1.7167236947673579, 44] ,  [0.8247682415556185, 538] ,  [0.0, 0] ,  [1.6469854011755765, 12] ,  [0.3847415789896826, 14] ,  [0.07376756786559205, 94]  ]
L_t_LQuujj2600 = [[0.00664273655259254, 58629] , [3, 3] ,  [1.2623034026623365, 31] ,  [0.6616324916173002, 478] ,  [0.0, 0] ,  [1.3132219315169986, 9] ,  [0.39988126665213103, 12] ,  [0.045930825720407395, 81]  ]
L_t_LQuujj2700 = [[0.003729865192927662, 28900] , [3, 3] ,  [1.0293441059431951, 24] ,  [0.6124932031627236, 422] ,  [0.0, 0] ,  [0.8444564724601993, 7] ,  [0.3386684502189136, 9] ,  [0.009550014994619969, 65]  ]
L_t_LQuujj2800 = [[0.002046057335158275, 56622] , [3, 3] ,  [0.9436303734755951, 22] ,  [0.6785585790019601, 372] ,  [0.0, 0] ,  [0.6990657898796367, 6] ,  [0.31285744436725665, 8] ,  [-0.002096447779406917, 52]  ]
L_t_LQuujj2900 = [[0.0011380488448405595, 55449] , [2, 2] ,  [0.7655391189600309, 18] ,  [0.6544404652824791, 322] ,  [0.0, 0] ,  [0.4950458090096379, 4] ,  [0.31285744436725665, 8] ,  [-0.02064246254063357, 40]  ]
L_t_LQuujj3000 = [[0.0006514686865696466, 26419] , [2, 2] ,  [0.6220857018777411, 15] ,  [0.4917390618492692, 279] ,  [0.0, 0] ,  [0.4950458090096379, 4] ,  [0.18700701887605528, 5] ,  [-0.03484556412118981, 32]  ]
L_t_LQuujj3500 = [[4.0083865672566436e-05, 25100] , [1, 1] ,  [0.3479016651447196, 7] ,  [0.29863797781774143, 128] ,  [0.0, 0] ,  [0.0, 0] ,  [0.18675738994895794, 4] ,  [-0.07271089174321696, 9]  ]
L_t_LQuujj4000 = [[3.364814009908533e-06, 45663] , [1, 1] ,  [0.053333229506571066, 1] ,  [0.21538144724300018, 65] ,  [0.0, 0] ,  [0.0, 0] ,  [9.091965242320105e-05, 1] ,  [0.0027338110001084753, 4]  ]
