headers = ['Signal', 'Data', 'TTBar', 'ZJets', 'WJets', 'sTop', 'VV', 'TTV']
L_t_LQuujj300 = [[92211.46222389958, 29360] , [3998, 3998] ,  [3542.093169728772, 73986] ,  [95.42593257190833, 5407] ,  [4.982993892563566, 19] ,  [223.53261393761994, 1332] ,  [26.44305282537471, 1641] ,  [41.12759136729608, 24952]  ]
L_t_LQuujj400 = [[30246.011151475643, 44803] , [3979, 3979] ,  [3524.136501449581, 73619] ,  [95.42736839719151, 5406] ,  [4.982993892563566, 19] ,  [221.87945087910137, 1324] ,  [26.42971793018996, 1639] ,  [40.95322400955967, 24875]  ]
L_t_LQuujj500 = [[10124.596423508938, 54077] , [3495, 3495] ,  [3039.093613353449, 63961] ,  [93.14236930255315, 5343] ,  [4.982993892563566, 19] ,  [205.55630799365647, 1224] ,  [25.77249078060288, 1534] ,  [37.67489173696676, 23016]  ]
L_t_LQuujj600 = [[3792.591632011721, 60118] , [2591, 2591] ,  [2177.8278344054384, 46482] ,  [78.88728992453794, 5135] ,  [4.9142639867552615, 17] ,  [168.56918765272033, 1006] ,  [21.617325201758167, 1283] ,  [30.443853164204608, 18880]  ]
L_t_LQuujj700 = [[1519.5592784400774, 63863] , [1797, 1797] ,  [1423.677789703853, 30887] ,  [65.37642090463333, 4857] ,  [3.8978955877945904, 14] ,  [130.24118066593576, 777] ,  [16.85249321045016, 1026] ,  [22.48311923156897, 14339]  ]
L_t_LQuujj800 = [[653.0452171176563, 66371] , [1225, 1225] ,  [908.8743336662469, 19982] ,  [51.96975102882417, 4411] ,  [2.094874616857897, 11] ,  [97.03552490300578, 581] ,  [12.399764793335864, 800] ,  [16.800684959697634, 10572]  ]
L_t_LQuujj900 = [[295.72263294448237, 67901] , [834, 834] ,  [576.4148764296406, 12772] ,  [38.34906786841638, 3998] ,  [2.094874616857897, 11] ,  [74.57893188227196, 440] ,  [10.80414837090373, 642] ,  [11.936497671981849, 7685]  ]
L_t_LQuujj1000 = [[138.46341506178229, 68844] , [565, 565] ,  [370.9295962321694, 8304] ,  [29.185964892050077, 3547] ,  [1.9142163875075207, 10] ,  [56.79605297769929, 336] ,  [10.162726694939835, 504] ,  [8.614433940448361, 5612]  ]
L_t_LQuujj1100 = [[67.4091835726382, 68516] , [394, 394] ,  [237.10465389247926, 5389] ,  [23.691017196666785, 3169] ,  [1.0344404962059888, 8] ,  [42.327243319237176, 251] ,  [9.59002691898495, 383] ,  [6.2772131820539, 4042]  ]
L_t_LQuujj1200 = [[33.73132038016468, 34641] , [271, 271] ,  [157.04683095176614, 3595] ,  [16.81908140250158, 2881] ,  [1.9746289525442573, 6] ,  [32.013896875438576, 190] ,  [7.994948495870753, 299] ,  [4.471884991652411, 2962]  ]
L_t_LQuujj1300 = [[17.313959999368183, 34461] , [192, 192] ,  [105.14226041667135, 2431] ,  [12.71733455540777, 2626] ,  [1.9746289525442573, 6] ,  [24.424290848029532, 145] ,  [7.37794570876532, 237] ,  [3.176439965123382, 2159]  ]
L_t_LQuujj1400 = [[9.014312540546916, 68642] , [130, 130] ,  [70.34945193472204, 1652] ,  [10.797103001509118, 2441] ,  [1.9746289525442573, 6] ,  [18.40509079399709, 114] ,  [5.724875317557825, 184] ,  [2.293757792049343, 1599]  ]
L_t_LQuujj1500 = [[4.760526016128205, 68322] , [92, 92] ,  [49.44199768536745, 1158] ,  [8.469096865261415, 2215] ,  [1.186535912821635, 5] ,  [15.434302475171316, 98] ,  [5.435321747468637, 146] ,  [1.6932182511510017, 1204]  ]
L_t_LQuujj1600 = [[2.5335811852754953, 67427] , [68, 68] ,  [35.09383514118393, 820] ,  [7.207284938891341, 2017] ,  [1.186535912821635, 5] ,  [11.185894214166671, 73] ,  [4.590927904866644, 111] ,  [1.2339953608665224, 905]  ]
L_t_LQuujj1700 = [[1.3749672214939033, 66519] , [48, 48] ,  [24.103786995623622, 571] ,  [6.094497840533294, 1795] ,  [0.1965936726417521, 3] ,  [8.914610871957617, 55] ,  [3.228718257921874, 87] ,  [0.9324956030977495, 664]  ]
L_t_LQuujj1800 = [[0.7537664732053756, 66091] , [33, 33] ,  [16.81733341813058, 405] ,  [4.557281023031649, 1579] ,  [-0.24452091252538036, 1] ,  [6.950202417156953, 44] ,  [2.5010461176092442, 69] ,  [0.6689949148920733, 520]  ]
L_t_LQuujj1900 = [[0.4114536760339509, 65170] , [26, 26] ,  [12.498276255545012, 308] ,  [4.293410526679495, 1372] ,  [-0.24452091252538036, 1] ,  [4.390130016604164, 28] ,  [2.051152183633483, 47] ,  [0.5088842979146999, 407]  ]
L_t_LQuujj2000 = [[0.23010101617699005, 64499] , [20, 20] ,  [8.785609430563412, 221] ,  [4.0885113024746795, 1166] ,  [-0.24452091252538036, 1] ,  [3.436777606113594, 22] ,  [1.6413975666996117, 34] ,  [0.3767298392145898, 304]  ]
L_t_LQuujj2100 = [[0.12634687632114974, 63455] , [14, 14] ,  [5.90031370208811, 152] ,  [3.447144302787174, 978] ,  [0.0, 0] ,  [3.086479137315255, 20] ,  [1.452348687472817, 28] ,  [0.2657954780755123, 236]  ]
L_t_LQuujj2200 = [[0.0690323931606382, 61036] , [12, 12] ,  [4.525588264377124, 113] ,  [2.390424490239857, 842] ,  [0.0, 0] ,  [2.067111434075075, 15] ,  [0.540345740699967, 25] ,  [0.20544658162359253, 190]  ]
L_t_LQuujj2300 = [[0.03835998704834142, 30786] , [7, 7] ,  [3.5866614893683226, 87] ,  [2.263293522133377, 725] ,  [0.0, 0] ,  [1.7944236493448031, 13] ,  [0.5151277268971832, 20] ,  [0.17378860145807795, 152]  ]
L_t_LQuujj2400 = [[0.02140526704937284, 60699] , [5, 5] ,  [2.5228886257797005, 62] ,  [1.2147580002557088, 619] ,  [0.0, 0] ,  [1.3858803799931632, 11] ,  [0.39244610727835305, 17] ,  [0.1224928067048307, 122]  ]
L_t_LQuujj2500 = [[0.012131387491626365, 59729] , [4, 4] ,  [1.7848005625018544, 46] ,  [0.8890825867311939, 548] ,  [0.0, 0] ,  [1.3858803799931632, 11] ,  [0.3563732392394998, 13] ,  [0.0666607289277146, 97]  ]
L_t_LQuujj2600 = [[0.0066878565079358104, 58630] , [3, 3] ,  [1.2823242199021283, 31] ,  [0.8246196111344463, 479] ,  [0.0, 0] ,  [1.0501481305838576, 8] ,  [0.3712581709649019, 11] ,  [0.04791057742463685, 82]  ]
L_t_LQuujj2700 = [[0.0037555434112846115, 28906] , [3, 3] ,  [1.0518840045058018, 25] ,  [0.6993311688024465, 416] ,  [0.0, 0] ,  [0.8502512264469783, 7] ,  [0.37128571986714404, 10] ,  [0.003615076403606211, 62]  ]
L_t_LQuujj2800 = [[0.0020593707809048256, 56612] , [3, 3] ,  [1.028823433590169, 24] ,  [0.6688437450228388, 367] ,  [0.0, 0] ,  [0.7028989403880135, 5] ,  [0.30772294814659285, 8] ,  [-0.0007337216682400515, 52]  ]
L_t_LQuujj2900 = [[0.0011456056547193404, 55443] , [2, 2] ,  [0.794786403481251, 19] ,  [0.5933443135353798, 315] ,  [0.0, 0] ,  [0.49856681140637105, 4] ,  [0.30772294814659285, 8] ,  [-0.018385192740189127, 42]  ]
L_t_LQuujj3000 = [[0.0006557765692172502, 26420] , [2, 2] ,  [0.517632090104637, 13] ,  [0.46525706674643835, 272] ,  [0.0, 0] ,  [0.49856681140637105, 4] ,  [0.29296309247246183, 6] ,  [-0.025350734693479045, 36]  ]
L_t_LQuujj3500 = [[4.034727115168105e-05, 25098] , [1, 1] ,  [0.304691766155598, 6] ,  [0.2883868255344465, 119] ,  [0.0, 0] ,  [0.0, 0] ,  [0.1836321836079061, 4] ,  [-0.0714946125306318, 9]  ]
L_t_LQuujj4000 = [[3.3874665755150415e-06, 45664] , [1, 1] ,  [0.053096476551179037, 1] ,  [0.2142020569750012, 62] ,  [0.0, 0] ,  [0.0, 0] ,  [8.938974495315132e-05, 1] ,  [0.004641686916765353, 5]  ]
