headers = ['Signal', 'Data', 'TTBar', 'ZJets', 'WJets', 'sTop', 'VV', 'TTV']
L_t_LQuujj300 = [[92323.20001288598, 29415] , [3998, 3998] ,  [3600.041625917645, 74156] ,  [95.7877325997575, 5408] ,  [3.6102975246656683, 16] ,  [222.73626952904908, 1321] ,  [28.579686852720673, 1622] ,  [41.57705723691645, 24954]  ]
L_t_LQuujj400 = [[30308.485683191633, 44907] , [3979, 3979] ,  [3580.6592828019566, 73776] ,  [95.15396330085287, 5406] ,  [3.6102975246656683, 16] ,  [221.08310647053057, 1313] ,  [28.522529768541524, 1617] ,  [41.4119599547742, 24882]  ]
L_t_LQuujj500 = [[10137.769449755438, 54151] , [3495, 3495] ,  [3082.780312326935, 64003] ,  [92.4091744135909, 5343] ,  [3.6102975246656683, 16] ,  [204.6298524907843, 1215] ,  [26.88162663383718, 1502] ,  [38.10429222700927, 23001]  ]
L_t_LQuujj600 = [[3795.4075329520856, 60181] , [2591, 2591] ,  [2208.461234385985, 46475] ,  [79.58618149184502, 5137] ,  [3.7691179615565837, 14] ,  [168.41905774219174, 1000] ,  [22.596585700083672, 1270] ,  [30.83837377218339, 18872]  ]
L_t_LQuujj700 = [[1520.3207812164255, 63907] , [1797, 1797] ,  [1441.9173730745722, 30830] ,  [65.4678713238254, 4859] ,  [2.8940340235442426, 12] ,  [129.7427556660124, 772] ,  [18.6425493321059, 1016] ,  [22.60181181531936, 14291]  ]
L_t_LQuujj800 = [[653.3522028684765, 66392] , [1225, 1225] ,  [918.5197850937512, 19900] ,  [53.36922256675782, 4421] ,  [1.9142163875075207, 10] ,  [96.68303705821822, 581] ,  [14.379435948795576, 793] ,  [16.88585707477473, 10575]  ]
L_t_LQuujj900 = [[295.77887408731294, 67918] , [834, 834] ,  [582.9858278636103, 12759] ,  [39.41313221010593, 3997] ,  [1.9142163875075207, 10] ,  [73.45426253384163, 437] ,  [11.855580901624734, 630] ,  [12.022811382786728, 7668]  ]
L_t_LQuujj1000 = [[138.49310842015012, 68863] , [565, 565] ,  [373.56399153128984, 8249] ,  [29.82711802253352, 3546] ,  [1.9142163875075207, 10] ,  [56.97482070214869, 337] ,  [10.139827293470251, 494] ,  [8.590218480912856, 5585]  ]
L_t_LQuujj1100 = [[67.41786247429734, 68524] , [394, 394] ,  [240.26753768506111, 5366] ,  [23.90687661781423, 3170] ,  [1.029529951142057, 9] ,  [42.842003323163695, 254] ,  [9.130816256045248, 382] ,  [6.276440243643451, 4037]  ]
L_t_LQuujj1200 = [[33.73227070096729, 34642] , [271, 271] ,  [157.61023028500296, 3569] ,  [17.071444894561193, 2876] ,  [1.9746289525442573, 6] ,  [32.32820736768866, 194] ,  [8.394613817966524, 298] ,  [4.430487153174245, 2941]  ]
L_t_LQuujj1300 = [[17.317902350292666, 34471] , [192, 192] ,  [104.93185471965388, 2402] ,  [11.935098249477974, 2631] ,  [1.9746289525442573, 6] ,  [23.945340564481363, 145] ,  [8.13643567445297, 237] ,  [3.105099811370135, 2154]  ]
L_t_LQuujj1400 = [[9.014740864054222, 68650] , [130, 130] ,  [70.53637426704657, 1640] ,  [10.988963037047474, 2443] ,  [1.9746289525442573, 6] ,  [18.47825971815259, 114] ,  [6.0737509567124865, 186] ,  [2.2682054887731087, 1587]  ]
L_t_LQuujj1500 = [[4.7599821603273105, 68319] , [92, 92] ,  [49.687388414550405, 1152] ,  [8.620805171665907, 2228] ,  [1.186535912821635, 5] ,  [15.692604468484516, 100] ,  [5.793917502560016, 151] ,  [1.6736227428350547, 1201]  ]
L_t_LQuujj1600 = [[2.5332837047677708, 67422] , [68, 68] ,  [35.82138049808799, 825] ,  [7.367682425047267, 2024] ,  [1.186535912821635, 5] ,  [12.202571393176354, 79] ,  [5.206763238448313, 117] ,  [1.245165130084158, 891]  ]
L_t_LQuujj1700 = [[1.3749512906020023, 66515] , [48, 48] ,  [24.00129852982438, 562] ,  [6.366498448966531, 1805] ,  [0.1965936726417521, 3] ,  [9.359313330314185, 58] ,  [2.8048082110181043, 86] ,  [0.9522600444459427, 664]  ]
L_t_LQuujj1800 = [[0.7538271129608374, 66098] , [33, 33] ,  [16.648405336243208, 399] ,  [4.77282859687715, 1588] ,  [-0.24452091252538036, 1] ,  [7.487801722536787, 46] ,  [2.4830223679654204, 70] ,  [0.5995120056997815, 510]  ]
L_t_LQuujj1900 = [[0.4114356330933073, 65165] , [26, 26] ,  [12.426990171510367, 300] ,  [4.411736776631361, 1372] ,  [-0.24452091252538036, 1] ,  [4.658594911680985, 29] ,  [2.169341724397162, 49] ,  [0.4903561146274976, 402]  ]
L_t_LQuujj2000 = [[0.2301099045217389, 64500] , [20, 20] ,  [8.742752216284362, 215] ,  [3.8907930028100206, 1162] ,  [-0.24452091252538036, 1] ,  [3.8460783131718266, 24] ,  [1.7914841720603139, 37] ,  [0.38327741199396786, 305]  ]
L_t_LQuujj2100 = [[0.1263364146063844, 63455] , [14, 14] ,  [6.019360949861511, 153] ,  [3.7271516510660287, 990] ,  [0.0, 0] ,  [3.4957798443734873, 22] ,  [1.5205412150462176, 33] ,  [0.26644044041526793, 234]  ]
L_t_LQuujj2200 = [[0.06902224504273757, 61032] , [12, 12] ,  [4.502684678630416, 111] ,  [2.4317896162561023, 844] ,  [0.0, 0] ,  [2.6085739852048153, 17] ,  [0.5403738036485825, 26] ,  [0.20285128096442046, 183]  ]
L_t_LQuujj2300 = [[0.03834686984375548, 30773] , [7, 7] ,  [3.406491635408606, 83] ,  [1.8379919105387366, 726] ,  [0.0, 0] ,  [2.0664193206984285, 14] ,  [0.5267944797594112, 22] ,  [0.16549828744122422, 143]  ]
L_t_LQuujj2400 = [[0.021402237257670053, 60692] , [5, 5] ,  [2.450500687665241, 60] ,  [1.3069501893852755, 623] ,  [0.0, 0] ,  [1.6578760513467887, 12] ,  [0.44662427846513486, 18] ,  [0.11992719686871414, 119]  ]
L_t_LQuujj2500 = [[0.01213210736018412, 59731] , [4, 4] ,  [1.7408206101507973, 44] ,  [0.8239574918319403, 538] ,  [0.0, 0] ,  [1.6578760513467887, 12] ,  [0.3844722458446148, 14] ,  [0.0740033253753154, 94]  ]
L_t_LQuujj2600 = [[0.00668752118560215, 58629] , [3, 3] ,  [1.2807984912096875, 31] ,  [0.6610588022144464, 478] ,  [0.0, 0] ,  [1.3221438019374834, 9] ,  [0.39956852823445066, 12] ,  [0.04598454168411137, 81]  ]
L_t_LQuujj2700 = [[0.003754965863083693, 28900] , [3, 3] ,  [1.0425717218205321, 24] ,  [0.6137242949565338, 422] ,  [0.0, 0] ,  [0.8502512264469783, 7] ,  [0.33785603731415426, 9] ,  [0.00965125681464548, 65]  ]
L_t_LQuujj2800 = [[0.0020597951730301585, 56622] , [3, 3] ,  [0.955567475794759, 22] ,  [0.6797145414157315, 372] ,  [0.0, 0] ,  [0.7038261101826387, 6] ,  [0.31209229634059826, 8] ,  [-0.001983737289058569, 52]  ]
L_t_LQuujj2900 = [[0.0011456916996216262, 55449] , [2, 2] ,  [0.7750994361203455, 18] ,  [0.6554251480673663, 322] ,  [0.0, 0] ,  [0.49856681140637105, 4] ,  [0.31209229634059826, 8] ,  [-0.020509312399246953, 40]  ]
L_t_LQuujj3000 = [[0.0006558361078410286, 26419] , [2, 2] ,  [0.6289624262706055, 15] ,  [0.4920548418195265, 279] ,  [0.0, 0] ,  [0.49856681140637105, 4] ,  [0.1864884827875189, 5] ,  [-0.034675181721532375, 32]  ]
L_t_LQuujj3500 = [[4.0353837641388236e-05, 25100] , [1, 1] ,  [0.35167515204305133, 7] ,  [0.2989443735762035, 128] ,  [0.0, 0] ,  [0.0, 0] ,  [0.18623957104729288, 4] ,  [-0.07250976222298763, 9]  ]
L_t_LQuujj4000 = [[3.387397656316786e-06, 45663] , [1, 1] ,  [0.053806010995874745, 1] ,  [0.21598850781783982, 65] ,  [0.0, 0] ,  [0.0, 0] ,  [9.065898705233854e-05, 1] ,  [0.0027125444364905784, 4]  ]
